24607.9453
70339.2891
35671.2656
153332.0625
70627.2656
7876.8242
22089.5977
99866.0078
137757.9844
22275.8906
127341.5078
133422.4062
60293.9219
103454.5391
111789.8125
32859.5430
139146.5312
123323.1719
196302.1250
76436.2734
48323.0547
54891.6914
32379.1387
25912.1289
82895.5234
63190.3867
98286.2266
74969.3438
198449.5156
64989.7773
95654.1719
8309.0889
135329.0781
131325.4219
161641.1406
205956.3281
139202.2500
183730.7344
91073.9766
62211.8672
206006.6250
3667.1135
195634.2812
51552.1875
107121.6484
92675.7109
84411.7266
31519.8281
1250.5186
65965.4922
107956.0938
49573.5742
120857.1797
140335.2500
75485.7031
203752.7031
203525.6250
173771.9219
63973.6836
187226.7812
24013.3438
159627.8594
195535.8594
159342.4062
76204.9141
142428.6406
150550.3750
658.8027
111411.0078
26875.9941
62870.6680
102669.2812
30543.1074
43756.5742
154221.4688
137664.7656
136432.2812
23884.8262
169184.5938
137682.7969
89850.3203
62392.3281
187256.3906
210707.5000
202727.5625
47993.7188
199711.8281
191504.8281
7017.2847
48937.1562
163983.2500
31030.6309
208565.0000
144770.7344
190373.0469
70021.5547
72451.0078
126175.0547
70680.3594
183862.0156
153051.0625
133551.0312
71782.9375
183594.1562
177307.5938
11256.0342
106510.5625
98991.5234
35140.8594
60946.7852
21925.9609
124991.1797
123339.1094
209182.3438
120950.3125
111318.3203
42427.6914
105913.7812
88074.7812
49444.9766
154850.9375
37309.6602
80475.6016
148667.5781
182080.3906
56100.2812
3940.7668
39783.0430
182275.3438
74621.1250
8896.7002
120578.0391
208172.1406
80679.6328
89423.8281
170731.3750
91935.6719
195934.3906
54974.5352
127076.5312
42132.8086
76900.4922
37319.3438
165471.9219
71334.4688
158269.6562
62041.8750
113762.1641
49435.0703
150116.6562
163207.1406
204286.0000
187426.3125
28934.3770
138205.2188
154758.3438
85034.6641
142145.9844
194541.4062
52561.6406
2018.7458
203438.0938
173139.6719
210190.9062
69369.3672
47815.1367
166173.9062
161305.0312
29001.1621
6400.0757
73633.2031
71133.9688
83300.5703
110952.5469
21857.5273
154635.0312
54473.8359
83899.3984
53648.8320
103908.9062
19267.6953
2107.6035
93446.5469
206694.0156
31041.9805
16903.4043
146704.0000
116076.6484
159049.3906
126497.0391
168638.2812
161068.1406
115186.7656
127029.5938
156510.6719
184556.1406
174844.7188
107936.2031
131112.8125
203845.8906
114336.2812
204746.0156
60231.4961
197636.8438
100950.1875
82089.0234
137523.5156
155424.0312
165988.4219
191172.3594
44584.5664
185256.1094
193279.9688
138031.1094
177201.7656
9573.5762
154934.5312
109157.3984
125650.2109
99235.5547
20906.0703
79540.1406
45555.3203
136092.8438
206569.7344
202065.9844
105900.6016
166666.0938
95253.8281
22265.0391
155763.6250
209590.1250
12262.6836
1246.7489
192478.6094
113212.8750
83335.7734
115253.7578
53888.5312
34575.8281
91677.7500
98473.1016
5083.5767
70209.3438
21755.8535
182285.3438
79782.9219
176690.3750
76694.3828
205433.1406
61177.5625
97600.4453
70224.9141
106732.8828
18944.9199
62046.2773
94050.5000
124845.5156
13964.0098
189304.3281
147110.5625
169727.6250
184146.0938
159373.2500
170974.3750
161876.3281
57837.7539
39561.7812
62381.7148
111726.2812
74137.6094
154059.4688
210199.3906
79221.1875
9520.4492
17206.8730
46758.1641
89303.3750
193897.2500
123452.5469
79988.1484
40326.4453
6304.6284
150213.0625
147059.3281
25249.5488
212259.3438
26361.4648
150095.0625
11474.9893
917.4336
82457.2656
181202.6250
185063.5156
27082.1465
137428.6406
132191.4688
84919.8984
176990.4062
194573.1875
196646.1875
36379.6602
133884.2812
192097.2031
115600.8438
143404.7344
209304.0781
162359.0156
17959.7480
188452.9688
71063.1953
97947.8984
14031.0449
77367.8203
33412.5938
161090.3750
102617.3672
30923.5703
187451.8281
37964.0742
42398.5625
188369.2656
120421.3359
8852.8164
158684.4219
147503.4844
146281.4531
76127.5234
17675.0215
108523.4922
55952.3516
214321.2031
144903.1562
189836.6406
191670.0469
45755.6445
118493.0156
186225.7656
208114.6562
136452.7812
159930.3750
64429.4844
19652.3008
173961.4062
141797.2969
53064.8945
120303.4141
29666.3047
83988.4688
93006.8828
67630.3750
126387.0312
66627.7891
188051.7188
135239.8438
10563.8398
120806.8359
66772.9297
86691.3672
138481.8750
175296.4375
142643.7188
138054.7031
105451.2266
117732.0078
114976.3984
151206.8750
21476.6602
86453.7969
144573.1562
157929.4375
31635.7988
209002.6562
177581.7344
205597.2031
136051.5781
15898.2607
111152.2578
165717.8906
99886.7266
204159.1406
18599.8984
11525.3926
56038.5664
206651.6250
146765.2344
66602.4062
112710.0938
213538.1562
153293.7656
36443.5938
174086.2344
81189.1328
174498.2969
64789.0938
198921.1406
74726.3281
1247.5974
5649.4282
161180.1250
145820.7656
163578.8594
192815.9219
140075.0312
126412.2266
183664.7656
61378.2578
142310.4844
80068.6641
12347.7773
27448.8516
69479.4453
30947.6777
38974.2422
125518.0156
22850.9277
185739.4844
192120.4219
135561.0312
184529.2812
130665.8281
172004.6094
143867.1562
211854.9688
131754.5469
208656.2500
196027.7188
206480.8906
209903.8281
201677.1562
152912.6406
140976.2344
150507.6406
130980.1953
66302.9141
62171.5078
99896.6016
127681.1641
204482.0000
179965.2656
140028.9375
17182.4824
34696.3438
170976.6094
56156.7227
160214.3438
193827.5469
27147.8398
137586.4062
114640.2031
211677.1250
53503.8672
71896.4531
140795.9062
50610.4648
203651.0156
134703.7812
31889.8242
195383.5156
129859.2656
18818.6152
133547.7812
56087.1289
169326.2656
49779.6211
122390.0391
16749.4082
149676.2188
35322.8398
6483.0405
114893.1172
175351.7812
23665.5234
149589.4531
131580.0469
79822.2500
95055.4531
110659.2266
106970.0859
17893.4883
10551.0674
103898.8516
71397.3594
82447.5234
29946.3945
122007.8203
71350.1562
164650.1719
153897.6406
51985.3125
79761.0781
172716.2656
185533.0938
135848.2031
127294.1562
20564.3535
43489.8867
144043.5781
170240.5781
78812.7266
