24607.9453
70339.2891
35671.2656
153332.0625
70627.2656
7876.8242
22089.5977
99866.0078
137757.9844
22275.8906
127341.5078
133422.4062
60293.9219
103454.5391
111789.8125
32859.5430
139146.5312
123323.1719
196302.1250
76436.2734
48323.0547
54891.6914
32379.1387
25912.1289
82895.5234
63190.3867
98286.2266
74969.3438
198449.5156
64989.7773
95654.1719
8309.0889
135329.0781
131325.4219
161641.1406
205956.3281
139202.2500
183730.7344
91073.9766
62211.8672
206006.6250
3667.1135
195634.2812
51552.1875
107121.6484
92675.7109
84411.7266
31519.8281
1250.5186
65965.4922
107956.0938
49573.5742
120857.1797
140335.2500
75485.7031
203752.7031
203525.6250
173771.9219
63973.6836
187226.7812
24013.3438
159627.8594
195535.8594
159342.4062
76204.9141
142428.6406
150550.3750
658.8027
111411.0078
26875.9941
62870.6680
102669.2812
30543.1074
43756.5742
154221.4688
137664.7656
136432.2812
23884.8262
169184.5938
137682.7969
89850.3203
62392.3281
187256.3906
210707.5000
202727.5625
47993.7188
199711.8281
191504.8281
7017.2847
48937.1562
163983.2500
31030.6309
208565.0000
144770.7344
190373.0469
70021.5547
72451.0078
126175.0547
70680.3594
183862.0156
153051.0625
133551.0312
71782.9375
183594.1562
177307.5938
11256.0342
106510.5625
98991.5234
35140.8594
60946.7852
21925.9609
124991.1797
123339.1094
209182.3438
120950.3125
111318.3203
42427.6914
105913.7812
88074.7812
49444.9766
154850.9375
37309.6602
80475.6016
148667.5781
182080.3906
56100.2812
3940.7668
39783.0430
182275.3438
74621.1250
8896.7002
120578.0391
208172.1406
80679.6328
89423.8281
170731.3750
91935.6719
195934.3906
54974.5352
127076.5312
42132.8086
76900.4922
37319.3438
165471.9219
71334.4688
158269.6562
62041.8750
113762.1641
49435.0703
150116.6562
163207.1406
204286.0000
187426.3125
28934.3770
138205.2188
154758.3438
85034.6641
142145.9844
194541.4062
52561.6406
2018.7458
203438.0938
173139.6719
210190.9062
69369.3672
47815.1367
166173.9062
161305.0312
29001.1621
6400.0757
73633.2031
71133.9688
83300.5703
110952.5469
21857.5273
154635.0312
54473.8359
83899.3984
53648.8320
103908.9062
19267.6953
2107.6035
93446.5469
206694.0156
31041.9805
16903.4043
146704.0000
116076.6484
159049.3906
126497.0391
168638.2812
161068.1406
115186.7656
127029.5938
156510.6719
184556.1406
174844.7188
107936.2031
131112.8125
203845.8906
114336.2812
204746.0156
60231.4961
197636.8438
100950.1875
82089.0234
137523.5156
155424.0312
165988.4219
191172.3594
44584.5664
185256.1094
193279.9688
138031.1094
177201.7656
9573.5762
154934.5312
109157.3984
125650.2109
99235.5547
20906.0703
79540.1406
45555.3203
136092.8438
206569.7344
202065.9844
105900.6016
166666.0938
95253.8281
22265.0391
155763.6250
209590.1250
12262.6836
1246.7489
192478.6094
113212.8750
83335.7734
115253.7578
53888.5312
34575.8281
91677.7500
98473.1016
5083.5767
70209.3438
21755.8535
182285.3438
79782.9219
176690.3750
76694.3828
205433.1406
61177.5625
97600.4453
70224.9141
106732.8828
18944.9199
62046.2773
94050.5000
124845.5156
13964.0098
189304.3281
147110.5625
169727.6250
184146.0938
159373.2500
170974.3750
161876.3281
57837.7539
39561.7812
62381.7148
111726.2812
74137.6094
154059.4688
210199.3906
79221.1875
9520.4492
17206.8730
46758.1641
89303.3750
193897.2500
123452.5469
79988.1484
40326.4453
6304.6284
150213.0625
147059.3281
25249.5488
212259.3438
26361.4648
150095.0625
11474.9893
917.4336
82457.2656
181202.6250
185063.5156
27082.1465
137428.6406
132191.4688
84919.8984
176990.4062
194573.1875
196646.1875
36379.6602
133884.2812
192097.2031
115600.8438
143404.7344
209304.0781
162359.0156
17959.7480
188452.9688
71063.1953
97947.8984
14031.0449
77367.8203
33412.5938
161090.3750
102617.3672
30923.5703
187451.8281
37964.0742
42398.5625
188369.2656
120421.3359
8852.8164
158684.4219
147503.4844
146281.4531
76127.5234
17675.0215
108523.4922
55952.3516
214321.2031
144903.1562
189836.6406
191670.0469
45755.6445
118493.0156
186225.7656
208114.6562
136452.7812
159930.3750
64429.4844
19652.3008
173961.4062
141797.2969
53064.8945
120303.4141
29666.3047
83988.4688
93006.8828
67630.3750
126387.0312
66627.7891
188051.7188
135239.8438
10563.8398
120806.8359
66772.9297
86691.3672
138481.8750
175296.4375
142643.7188
138054.7031
105451.2266
117732.0078
114976.3984
151206.8750
21476.6602
86453.7969
144573.1562
157929.4375
31635.7988
209002.6562
177581.7344
205597.2031
136051.5781
15898.2607
111152.2578
165717.8906
99886.7266
204159.1406
18599.8984
11525.3926
56038.5664
206651.6250
146765.2344
66602.4062
112710.0938
213538.1562
153293.7656
36443.5938
174086.2344
81189.1328
174498.2969
64789.0938
198921.1406
74726.3281
1247.5974
5649.4282
161180.1250
145820.7656
163578.8594
192815.9219
140075.0312
126412.2266
183664.7656
61378.2578
142310.4844
80068.6641
12347.7773
27448.8516
69479.4453
30947.6777
38974.2422
125518.0156
22850.9277
185739.4844
192120.4219
135561.0312
184529.2812
130665.8281
172004.6094
143867.1562
211854.9688
131754.5469
208656.2500
196027.7188
206480.8906
209903.8281
201677.1562
152912.6406
140976.2344
150507.6406
130980.1953
66302.9141
62171.5078
99896.6016
127681.1641
204482.0000
179965.2656
140028.9375
17182.4824
34696.3438
170976.6094
56156.7227
160214.3438
193827.5469
27147.8398
137586.4062
114640.2031
211677.1250
53503.8672
71896.4531
140795.9062
50610.4648
203651.0156
134703.7812
31889.8242
195383.5156
129859.2656
18818.6152
133547.7812
56087.1289
169326.2656
49779.6211
122390.0391
16749.4082
149676.2188
35322.8398
6483.0405
114893.1172
175351.7812
23665.5234
149589.4531
131580.0469
79822.2500
95055.4531
110659.2266
106970.0859
17893.4883
10551.0674
103898.8516
71397.3594
82447.5234
29946.3945
122007.8203
71350.1562
164650.1719
153897.6406
51985.3125
79761.0781
172716.2656
185533.0938
135848.2031
127294.1562
20564.3535
43489.8867
144043.5781
170240.5781
78812.7266
70385.3281
39416.1523
174192.1250
5226.4160
170996.2031
39266.0117
100281.8594
66907.0547
146236.0938
118175.3438
77458.1172
35386.5859
189572.7031
159905.6406
65332.9805
96832.1641
16507.4375
15234.7969
35981.4414
68492.7500
94995.8750
208697.7031
39277.4805
16095.7236
121243.4922
59841.8359
59585.6133
50538.6992
15334.0430
138398.3438
201065.3125
85719.3672
177814.4844
160509.0625
90945.7812
134062.3281
199775.0781
191227.6406
200969.3750
131262.8281
94654.6328
63679.1289
166649.4062
69478.9766
8836.4053
17234.0215
166311.1406
25343.8438
32468.8184
202292.5781
93836.5938
127464.6875
196241.9219
133114.0781
143560.4219
102737.0547
192955.9219
203146.0312
153275.7500
208289.9531
126796.0078
139592.6875
79260.9531
89862.1328
85353.3984
170206.7344
9176.0830
70380.1172
146686.0156
210145.4531
201642.9375
26592.2812
59076.2188
153543.9688
96071.2578
67912.6250
170778.0000
47634.0352
93256.4688
203246.8281
35178.2578
187093.0625
115963.1484
16671.8125
105458.7734
44775.2070
119408.8672
83666.3203
33172.8750
57936.2578
77207.9062
159968.8906
197528.9531
156468.8594
35082.6445
68133.9844
111927.2344
44258.7266
138514.0938
43864.8789
39655.8164
125408.6797
70457.1641
98732.0391
64204.2891
166528.4219
166644.6562
20233.9258
214162.4531
45152.7656
8732.3828
34592.3438
17497.4590
124695.5391
51264.1602
122956.2266
169470.7500
170673.0312
206622.5469
202643.6250
13860.9170
69082.0859
147864.1250
211389.8594
10802.5820
182946.7812
64775.4805
122729.8203
12457.1357
203289.5938
166594.6875
52112.9531
113949.8984
22303.4902
150844.9844
178154.1875
188831.9062
102741.2891
198388.1094
188246.0000
147894.0469
207120.5000
8089.9839
165391.5156
117067.6719
59354.1445
73599.3750
71790.0469
15278.8047
65473.5547
59685.3008
29139.7207
134555.6406
207549.4219
25781.2207
145358.2188
175747.8438
90556.7031
53339.6719
188204.9844
79097.9297
5185.9990
25569.5625
193047.8281
27489.4883
176414.5469
156453.6406
1573.0364
64407.4766
140093.3906
189819.0312
212301.5156
132465.5156
197909.0156
162944.6719
34784.8281
42514.8008
21795.6699
106574.8828
57793.6055
87269.2188
166260.1719
86933.3281
7076.4985
159061.2500
112714.5469
152434.7188
120060.7266
203271.2500
205774.3906
93517.3281
67620.8125
210960.3906
119086.8984
45920.2734
23701.5137
80753.0781
202373.9062
25274.5508
145160.5469
127718.9531
345.2247
142713.7188
45436.1055
198254.2500
90910.0078
80220.9375
26020.6855
112705.6797
186795.8125
83814.2891
199974.9062
138307.6250
170747.6094
207051.4062
82620.5078
68713.7969
144737.7656
202681.2344
57236.6836
135763.7812
81450.1875
124857.5000
131975.8125
200537.0938
170777.7656
155677.3281
66541.7969
158403.3281
180951.8750
211702.3438
71373.9062
181297.0938
139667.7031
116810.0078
164802.9844
15829.3486
197030.9531
190823.6719
128535.0234
169078.4062
59889.5938
113761.5781
92637.6562
15888.8418
106064.6172
175258.1562
84602.6406
36054.0078
163191.0312
141839.3281
171817.7969
29892.8516
51948.4648
89045.2422
15681.5713
7977.8706
29974.1992
82223.3750
166381.2031
210926.0625
79177.3594
23006.7363
177474.7969
4096.6968
139816.7500
127529.4219
19926.0469
122099.3281
103604.7266
148461.0781
76429.3594
163494.3125
47474.2891
169067.0156
179383.1562
153538.9062
129576.8203
49237.4336
189592.9062
78019.4844
191076.7656
146662.3438
107912.3359
28276.8574
20959.2129
123593.9062
36254.7305
50933.4102
205817.2812
202635.9219
47111.1172
70246.2734
10894.2949
9837.5596
74342.9688
150711.0469
137366.9688
94269.0078
58062.0039
26223.3398
27981.7246
134491.3594
189717.6562
75456.0156
88810.0156
154352.4531
14246.5469
3638.4741
203589.8906
203839.4688
81657.9609
179918.2812
135753.4375
189570.2969
208195.1406
156712.6406
98415.8281
29701.5039
207646.0469
89484.7422
17589.0625
40008.8047
159731.0156
28483.3574
49846.3633
19325.6133
179194.3906
187213.3438
113594.6250
22508.0391
213436.6875
141576.3438
156999.3906
188405.9844
2283.9978
31061.0566
128010.0625
16530.5449
34699.5312
116851.5859
5621.6362
116357.4922
82021.5000
141375.0625
91179.4141
75468.2734
83339.3438
189595.2344
105169.7734
76237.0312
64331.6172
122758.8359
116245.8359
9314.2637
151242.1875
166092.2031
28639.8750
115688.2266
138557.1875
142234.5000
138196.2656
137245.5000
69062.4844
80447.3047
110903.1328
71346.4844
111508.3672
24164.8242
87877.0312
146207.8906
141016.4062
93498.6641
47817.0156
8289.5430
20125.3672
138996.4219
83757.8203
103464.7109
113843.3047
188927.5938
179701.7344
178174.9219
96938.0625
81199.2109
187489.1875
33431.8906
32543.0469
1380.6990
149120.1094
171100.2188
143615.1875
72568.0156
93597.3672
212677.6875
153015.3281
204500.5000
69275.8047
49775.3203
13916.9570
157152.8281
195983.2188
154933.3594
35903.1328
29051.8652
163222.9062
56028.5000
168048.2969
32232.3594
159493.2031
67143.2422
6411.5850
124446.5781
30569.7949
103349.6484
205645.7969
3310.6201
136781.5469
23440.4746
4691.3193
71153.2891
194540.7031
148306.5156
143721.3125
73389.7188
146235.8438
81988.2734
63141.8438
763.2775
131763.5938
77058.8047
157916.1094
112998.4375
17243.8008
193819.2344
142050.3125
180466.7188
35099.3750
95350.2422
212699.0781
194592.5938
162493.4844
4362.2900
104290.8047
193063.2656
107711.9375
95188.2266
196373.9062
29745.1113
118628.7109
201065.2188
100898.3984
98421.0469
134623.3750
29871.3496
171810.7656
66110.8438
111859.6250
20204.2402
66874.1172
28874.8516
97263.0391
10041.8643
141873.2969
114506.8438
203861.1094
69175.2422
80225.1875
24212.1191
164525.4844
78175.8906
4056.3403
112270.5938
82538.1797
108347.1484
90585.5078
190250.1250
203535.3750
72211.0312
5246.8652
107415.7188
58527.8867
106145.2656
205836.7656
193151.2500
136016.6094
162899.1562
44513.7266
33127.8750
183103.3906
111387.8516
62002.7266
65618.0781
121429.7109
203876.0156
180124.9219
110542.4531
58302.8984
45601.7422
134754.5781
8080.0186
123777.6406
138810.9219
120350.6172
206315.8281
32409.6934
210936.1094
181817.5781
21196.7031
68398.7891
187064.4531
128612.4297
126926.6719
78461.3438
119700.8281
105329.5625
214477.9688
67851.6250
149843.2969
32857.4727
36206.6602
46482.7695
94860.1953
101824.7344
167912.4844
83987.8594
67201.2891
63706.5742
142290.7500
112803.0469
198461.1406
150370.7812
21832.3145
122523.6953
55973.0234
13399.7715
154933.3906
52160.7812
195217.3438
176130.0938
120559.5625
167533.4219
89994.1484
32737.8789
31246.4023
209694.9688
138067.4375
30976.0000
62798.2266
73162.3672
63833.4727
99004.8906
119645.1484
158693.6719
200829.6250
72809.2578
27933.1621
53282.5586
136515.8281
170223.9219
166085.5938
120228.6094
105846.3281
187917.9062
28003.9395
161819.3594
201317.6875
182937.3281
213980.1406
181786.6562
144319.0469
119791.3359
134571.7188
19564.8359
152529.2188
165818.1250
14511.4434
75848.2969
196794.1406
77309.6719
149010.6562
45879.2422
176314.5625
53907.4375
204572.9219
162395.8281
126716.6953
17757.7109
930.0132
48484.1602
187981.6250
167015.6094
168712.7656
79079.5938
140185.1719
196716.7031
26150.5820
126754.4844
164905.6719
25382.3516
93792.7812
94476.3672
145173.7031
13616.1406
114041.2031
82954.5391
179434.2656
128552.6406
158802.8438
161480.0312
205862.3125
93065.1406
207359.2812
167428.5000
146972.5625
197183.8281
115075.9688
58940.9023
193.1704
116005.9766
107425.0625
188174.7969
68273.2188
61389.4727
52506.0273
208458.3750
43357.8164
78656.6172
120464.5000
208263.4844
104038.9609
214257.2812
87991.4844
34464.2930
13125.0498
202032.6875
117418.8281
192559.3281
115836.9688
61473.3047
139291.0000
106950.9141
154538.4375
131901.9062
59631.0547
86762.6484
114337.3672
174707.0156
145703.5469
114530.5312
75964.6250
38380.2578
87956.9766
144237.8438
99769.7266
140463.0000
137947.8594
143127.5469
4371.2505
43664.0000
136642.6719
108410.2109
43172.9102
9885.7979
142874.5156
56297.9570
211918.4844
45544.9727
34108.9141
113007.0781
107018.2812
173399.9062
5209.6294
46808.3633
90553.4531
64840.6836
133571.0156
204890.8125
24799.3379
64526.2031
104672.9922
100763.9688
102906.4609
192629.9688
30253.4551
202676.1875
118344.6016
168201.3281
131055.3750
122715.8516
211865.3281
52949.6758
16377.7061
40289.8711
62835.4766
159252.2188
96587.8359
60005.5938
204797.1875
130696.7422
173012.6719
97067.1016
89348.2969
178222.3125
143875.4531
179901.7500
28314.6270
62698.1133
170044.2031
53113.9609
127224.3047
59968.8320
153877.9219
15382.4062
37850.4336
184131.3750
3310.2280
156195.0469
137584.3438
134365.5938
64162.5352
134701.3125
187315.2656
80540.2344
174991.1875
35402.3789
25044.0840
56830.6445
95407.9766
15092.9043
187527.3906
53672.2852
112160.0000
62127.3203
17146.2266
41287.1016
27280.7031
45460.8516
103985.2109
197324.9062
98574.8125
16461.1582
42545.3750
37704.3789
31843.5645
80395.8047
7087.3994
35153.7969
21842.4863
144671.7500
169519.3906
86005.0156
64624.6836
142086.2969
166545.2500
24867.5000
177488.6719
191589.3438
81698.1406
58148.2812
206682.2344
54477.1758
111820.5703
104093.8906
116604.4922
128966.7969
145380.9844
143885.2031
174427.6406
34617.8320
126461.7500
58254.0938
51078.9922
169007.1094
95958.4688
82922.5625
34654.5625
103045.8672
118076.3516
56497.0508
32969.2500
72847.3828
142502.0625
97593.9375
185.3069
94298.9609
122461.4375
177673.9844
71139.9375
204159.5938
21073.8965
63073.8164
43888.3984
132894.4688
167167.7031
160492.8906
47112.8906
97800.3281
89629.7344
6792.1680
132418.1562
1343.1124
65046.2578
183497.1562
170350.2344
161004.7344
51671.3477
205004.7969
49302.2383
169747.7031
46753.4805
82271.4922
27846.7129
189255.5469
179865.4375
28032.0195
68806.1484
87578.5000
205706.0000
139946.0938
76989.7266
12031.5322
203019.9062
120878.1172
144925.9844
155439.2500
66622.6562
192038.8906
38491.2070
156252.3906
198831.0469
170909.3594
157595.5000
49128.9492
139658.1562
113197.3594
210133.6875
191329.5156
103453.7969
44687.5625
146328.8438
150207.2812
126959.0547
174175.5469
124714.4688
92076.1250
202207.5781
193520.6094
179654.6250
193165.2031
118718.3359
41895.9883
205196.7344
106989.8750
162774.1094
135374.3750
47680.7539
14648.4004
112664.8828
86171.9609
170900.7812
96747.5781
42332.9648
113747.9141
145876.5312
181991.1094
12196.9219
141261.8438
158572.2656
115650.7109
185949.4062
90152.7344
51109.6367
98160.0938
49579.9219
175824.1094
190236.2188
37039.1328
154596.3594
155142.4844
15455.9756
58566.3242
197038.4688
5904.3521
165556.2031
145064.2031
141278.7188
213236.9531
159712.6094
39195.2461
84660.5547
115865.0234
135942.8281
126993.5234
14864.5840
67070.9844
94236.2734
27061.5078
208332.8281
38060.1680
142712.2344
179533.8750
128212.9062
193821.8594
62945.6016
177792.8281
154897.5938
38433.4492
83.5955
94745.5859
193575.9219
15539.5713
153311.9062
175866.0156
21443.9238
104119.7500
106181.8594
162722.6562
102608.3438
51146.1016
201917.8906
187268.9062
167011.1406
123112.3438
99514.0469
181875.7188
190183.3281
193750.3281
208937.2188
183767.7969
17062.1289
136901.0781
148553.3125
145275.0312
115974.5781
211498.9062
108319.5000
56123.8086
35183.9922
108403.0938
150869.4062
14011.5488
123942.6719
89432.9453
189877.5625
145386.5781
193552.7031
81311.0625
93360.8672
81412.6797
132457.1719
80530.3906
53933.2109
84719.9297
203642.7500
153447.2500
51847.2812
179077.7188
132449.2188
46036.1367
148097.1562
149511.3438
182937.2188
81902.1016
80038.0234
84163.4297
78652.6406
188357.5156
140287.2500
113836.6328
82012.2422
76408.2734
127848.1797
205954.9062
165841.2344
102977.3828
136593.1250
144645.5625
184288.4531
15205.6318
11309.8711
101997.2500
95736.0234
65243.0859
186717.1719
84630.4141
3941.9792
23816.0938
48959.7617
136391.2031
69852.2266
197056.9219
71154.1875
38041.0820
64210.6484
151192.2031
122204.5156
142863.2969
124801.3594
47743.3906
41951.5586
206813.6094
124151.6641
169799.7344
198020.1406
75244.5234
58028.7539
119864.9062
5141.7158
27568.8359
135070.5469
16451.5879
129566.0781
16058.2061
81694.6719
101534.8906
100688.6172
85636.6484
125350.9922
149648.3906
7279.4849
195203.2188
131956.9375
78433.6719
18495.9336
196167.5938
14877.5137
140700.4375
124282.5234
139678.8750
188443.8438
166234.0781
131744.1094
97847.1328
121285.4375
115015.8828
173091.6562
179314.2031
20132.4355
178233.3750
206883.0312
155202.9844
194684.9531
121700.7500
171261.1875
61631.2656
8487.2803
57201.4336
147267.9219
133838.2656
206849.8125
154547.3906
114293.1172
124058.3906
18232.7031
132789.0625
105477.6094
33110.2188
58741.1328
15011.7646
172789.0938
32436.6016
181245.8438
89784.8281
130283.7344
87782.9219
204800.7344
88627.0234
52348.7539
10184.7939
52112.0352
44483.4258
165387.7812
32048.6309
166184.1719
121900.5938
93679.8906
174671.4688
179102.0312
26199.4414
93761.3594
171203.4844
180746.8438
208054.4844
80513.5078
198979.5469
126095.1562
185991.1094
17341.3945
184836.2812
201002.8750
190130.4844
2524.5283
167500.3594
65166.9492
132808.2656
40534.9102
55219.3164
6686.9272
92883.6641
65404.1094
58798.9648
137367.0938
16043.5137
90847.5938
88802.9062
137944.1094
184527.4844
48725.9961
102297.7656
210726.9219
142487.3438
58752.8906
176725.4062
135793.4531
139266.3906
160956.5781
47140.2578
110509.1484
178297.9688
17228.1836
96763.6641
153680.0938
19752.7129
49515.6602
4098.6787
152560.9688
90050.5703
59317.9922
159247.9062
182934.2344
124722.1016
3298.5024
105552.9688
140765.6094
94146.0938
194355.8594
63961.3555
63925.2148
28333.5000
166259.1250
59903.7812
170820.8438
10263.6445
21880.8203
91865.9531
149530.0312
182837.4062
139006.2031
45290.8242
146387.0156
156234.3906
142054.4844
85318.7344
175987.1094
191570.1562
89417.4141
113799.7188
66872.3594
148735.3906
58299.2656
35058.2344
58709.1406
61597.7617
140611.2031
199474.7500
155743.8594
120218.7031
48687.7383
4920.7134
148552.2031
198.4976
64824.5000
104624.6953
10462.1426
86705.3203
196490.6562
159992.1719
54794.3555
120748.4922
205283.0156
201181.3594
62234.5273
132589.1250
71751.7344
23473.2754
109410.9219
161169.1406
137273.0000
176283.2812
95156.1797
195572.2656
211341.5156
153865.3125
42421.6562
137204.3594
138591.7031
198165.5156
42674.6914
187279.4375
203086.2344
191226.8906
187477.9375
53162.3594
81103.2344
197940.0781
139867.6719
62845.5156
143183.8906
194662.0312
183594.0156
133718.5469
181095.0312
31080.1816
51559.3008
38098.3906
54553.4609
160970.2344
199267.5312
191826.4531
122505.1406
79675.3438
172650.3438
119098.2812
18792.3047
323.6380
41554.2656
157384.0156
198489.1562
84228.9531
129915.0859
186827.0156
60707.4883
102644.6562
25241.0098
141810.7188
85836.3750
165108.6875
204656.2500
14271.9150
145022.3438
173501.8906
147990.4531
111369.0078
204582.0781
199549.7656
149467.4062
44387.1719
145771.6094
133986.5781
21465.2617
53528.3828
213661.9219
194115.6094
172626.6562
17705.8594
194439.2500
214180.9219
175089.8750
178180.0312
83661.5156
90256.5859
150258.6875
144369.0156
192901.2500
175499.7031
71431.3672
63989.2656
125860.0156
61339.2383
78261.1875
56134.0039
20092.7676
11503.2705
167503.0156
9926.4805
211053.0312
102222.0547
54313.6523
142076.2812
21460.2578
75778.9141
195604.6562
20373.8125
55146.1562
153482.9531
38079.6719
34837.0391
152915.5312
213169.5312
213017.0781
21828.6816
88677.7578
148527.3906
166197.7031
66830.6484
109278.7188
22880.6895
130819.9141
20390.3770
84219.9297
209081.0938
76524.3750
104312.6953
5835.9995
29279.0273
114239.1797
2140.6636
131501.0781
168552.8281
144216.9531
152961.3438
29583.3770
125073.2422
173335.1562
84729.5391
63807.8398
211414.8281
119566.5781
1975.0002
209836.0000
117835.2891
23803.6816
83765.3984
51614.3164
190001.3750
150596.0469
160893.0469
212882.0625
66667.5938
181283.4219
82353.6250
61000.3203
43059.4297
186666.3125
66836.3203
72338.4609
86157.1328
68976.9844
203839.5469
39961.5938
213193.9375
142052.5156
69544.9766
123518.8125
100639.3047
154274.5156
187326.6406
97305.7656
59092.7188
189301.6406
92393.3984
176928.0000
213105.3125
176158.7969
13793.9551
188358.3438
112006.4766
174687.0000
186492.0312
178674.0781
141222.0469
54097.2852
24926.0273
184281.4844
26015.2441
91762.3516
41871.5781
112172.3750
160739.3438
30962.7520
152133.9688
159184.8906
173015.2656
6930.5752
67955.3359
58906.2070
161205.0781
40533.6133
156211.9688
5549.4341
15086.8916
33857.0078
182477.4375
13443.8496
210015.8125
196271.3906
201802.1719
107273.9141
156210.0156
173545.8438
71199.6250
82683.7031
12894.7676
96125.6484
52216.8242
38910.0078
187888.0000
94088.3984
151082.3750
133878.9688
125051.1484
88467.9844
78315.5000
83318.0547
95398.5625
146270.8281
142224.2656
41855.2812
186804.4531
83687.8750
47404.7188
201891.3438
117544.8828
15133.7871
586.8276
112812.3125
211405.1875
202389.0000
5337.8696
152866.8438
161186.4844
76537.4922
20802.1797
174081.2500
172663.1406
73019.0000
212991.2656
145802.7656
167107.4062
149325.2812
64933.3711
77410.1875
23044.9082
143248.8750
160728.2500
118443.4688
74771.3438
88204.1484
160298.7500
46827.4336
171892.0156
207703.4688
33970.4141
74688.5391
8088.8911
34557.2383
187500.8438
4745.7061
22197.8828
192838.7188
157612.5469
183384.3750
54627.8516
178414.7188
142717.2656
12542.6221
36685.3594
140960.1719
158345.3906
203792.7656
75537.0781
8530.3994
66454.5859
98581.9922
151779.2812
12434.4688
2277.0972
11802.2539
100638.6172
162575.8438
58629.6914
57782.2734
155530.9531
92600.1016
132470.8125
163619.8594
127157.3359
105223.3047
168365.5625
149355.2188
83313.6641
111229.7344
117991.2344
137941.5156
74896.0859
45960.1289
150484.1406
111581.4531
186920.2969
94081.1641
100625.8438
47709.0039
102611.5625
167080.4375
146291.0000
39642.4688
179514.9062
148568.0938
51444.7227
65405.1523
96395.5781
110074.4062
123187.4297
37178.1680
202674.5156
40909.8711
200798.0156
115083.4844
146133.1719
154415.2031
49690.3438
14698.4707
50896.5703
167681.5781
152639.9844
125792.6562
213641.7031
88375.7578
22625.7402
185813.6250
182456.9219
123251.5859
18774.2637
70320.1172
75583.6562
165065.2500
109962.5859
40350.1914
98884.9844
161407.3125
105755.3438
195280.5625
56733.3516
14194.4092
17710.3672
44659.4961
55104.2812
3760.0164
159742.9844
201237.4531
158175.2188
209433.3281
1187.5588
209071.7812
162366.5469
153827.5469
120116.0859
161259.8750
27454.9316
142741.8281
132325.1250
209911.8438
51245.0430
151099.3906
65483.5977
126828.6953
101416.2891
175446.1875
167178.8906
200301.2812
122105.1250
58185.8750
180833.4688
178838.4844
72380.2891
198543.8281
8749.6094
127484.5703
202303.8594
168492.5938
113973.6562
145730.7188
163177.5625
115161.2188
140054.1250
110795.7344
54240.3906
45421.8477
57307.2383
81695.3203
188163.6719
189632.3750
76858.8047
24660.3496
125983.3984
142342.4062
151489.0469
12651.3252
103040.2188
103919.5781
212952.6094
10396.9766
162105.4531
179037.7031
189235.4531
19737.3770
162833.1719
197985.0625
147221.9375
150388.6719
151729.2969
46447.2344
81371.0078
100158.4844
161608.4531
6676.7759
210954.2188
1100.4750
52098.6250
53513.0898
82795.7969
25513.9258
28397.0977
159654.6094
50174.2734
154380.5000
87248.6406
201663.3281
167031.8281
190288.8594
90834.5391
165236.0625
200685.8438
38191.6328
129525.3984
175172.9219
57929.0117
77610.2109
158409.6250
205150.9531
13250.5127
95390.5469
36849.8242
94621.5234
195549.0312
198458.2812
101298.2969
191754.8750
199558.7500
153396.9219
30519.6133
67606.1797
178910.8438
58916.7109
12512.4180
14336.7588
213297.2188
99761.0547
1251.7188
165580.6719
75301.5547
92086.2578
116068.3672
61239.0273
130277.8906
30845.4023
21663.5820
188206.9062
108455.6172
180073.2031
178609.4844
121706.1250
60715.3867
710.9485
1579.2837
41516.0508
199169.2188
102877.5781
18522.5703
183979.6094
41526.1367
49042.1836
36837.4219
5688.6226
107958.8828
49349.8359
20025.3809
106507.7344
149110.9062
21277.0996
57340.0430
9664.0859
113363.3516
173408.4062
70903.1094
28892.8828
204253.8125
92566.6953
2351.4185
97961.0625
57891.5312
180960.9062
4918.8247
118606.9141
181671.8594
6498.1084
160122.9688
166092.7031
109375.6953
178645.5469
135323.9531
150901.8281
12939.3564
172161.3750
156590.4531
120898.2500
6762.8462
176615.8281
12657.6240
155873.7344
197892.9219
69997.6719
165537.8281
96507.9219
28657.7188
21692.5762
125400.8047
18163.1719
114259.2656
127752.2266
116124.2344
172150.7969
93964.7656
121043.0625
76009.3516
60888.2617
127541.1719
21383.9531
12232.6094
22168.4922
200029.4844
147556.5625
173070.3281
212968.8438
104969.5703
114912.4062
119118.7344
111732.4141
76779.8750
131776.3594
52857.7969
59924.4492
201774.0312
3647.2600
156432.3750
15683.3828
25339.8359
67084.8125
33846.5547
139599.1094
194837.0469
149970.7969
97001.5391
74053.4453
56265.4766
173010.8906
134941.7031
183806.6406
194394.8438
147174.3281
205975.1406
179675.9688
79982.5156
164297.0938
177896.4531
184952.0938
64461.1445
82266.8203
81936.1328
141241.0312
214043.1719
134793.9375
201165.4688
201068.8438
138441.1875
142849.4688
2003.8604
163781.0312
209934.2812
35850.4141
88631.7656
190022.9688
185821.2031
185633.3125
49328.0469
27338.3164
143895.8281
184269.7656
211144.9531
123542.3125
116695.7031
202371.7344
88469.9141
196678.2188
151920.4688
51618.0039
166881.9531
1633.2581
133884.8281
34069.7148
142874.2812
133179.6406
168863.6406
129291.3828
119500.1250
92556.4766
57392.4922
121503.9766
41589.1328
52578.4180
157354.3906
130220.9062
27853.0215
128427.2266
101105.8359
77181.0703
155765.5469
30253.3027
46702.4609
152162.1562
153795.6094
163398.1719
139785.5156
27517.1543
145328.0312
76957.6406
79135.1562
97461.6094
78590.8984
213019.9844
131531.3125
6716.8130
131451.2656
85646.6016
136008.1875
36203.0117
178203.0781
193400.6875
157707.0000
5043.8408
31230.7461
100313.0156
135264.7500
59083.7695
13991.8799
21622.2129
136264.8281
169757.4219
51875.5117
182967.2969
107171.2031
205671.1250
131617.0938
32208.3672
18439.9160
62196.7695
109166.0000
97575.0703
159658.3750
187756.9062
95846.6953
76441.3281
194473.7188
12549.5840
162087.9219
115733.5391
48752.5938
125542.6406
94385.8750
206459.5781
130586.4844
125616.6250
92024.2344
51102.8516
184700.3906
106016.1172
72725.0625
106216.8594
61025.1758
124600.5781
74435.7891
168196.3750
115523.3438
206052.8906
200404.7500
133963.2500
53501.2930
94822.3906
16789.9609
213159.6719
67830.9219
112636.6562
74852.6250
47556.2734
125186.2422
22192.1934
163289.8125
173938.8281
147734.8281
42927.3359
165650.0469
63572.9453
168543.9531
42925.9219
114675.8047
138495.9688
148942.0469
187400.8594
29964.4727
209967.2031
97253.0781
104400.2656
163415.2344
212776.4219
95704.7969
149071.6094
131991.3125
149206.0938
29145.6387
148781.2656
147617.3906
96976.5703
46669.5547
7721.6543
144532.8438
171855.7969
29913.8496
93074.3047
131046.2578
177648.6719
136001.6406
81947.9453
26473.2598
89797.2266
124873.8672
141149.0625
13544.8398
59067.5469
113801.5469
43509.3125
54286.3867
211054.6250
147909.5781
2953.2549
209082.6875
28866.0059
152024.8750
126325.6172
178072.0938
181170.5156
60358.5273
110941.1172
63398.7148
107028.0859
118662.7734
207931.5625
64135.5078
148576.6250
86257.4922
195181.7656
111476.9375
7510.7642
62381.3516
137950.1875
97307.9922
187255.2188
64350.8867
110852.8281
31574.4023
178152.4375
154362.1406
85860.7969
174458.7188
87523.3594
88814.0469
168793.0312
116389.3594
26090.5527
80370.2812
79713.0938
207261.0625
140728.8125
190654.2031
55911.4062
33008.5273
94568.6172
49094.5938
97144.0391
28396.8770
135352.0938
77577.4453
139873.8125
142862.8438
139958.7969
63075.6484
25422.4785
112465.6484
127426.5312
136275.3125
144040.0625
90830.6094
75889.0859
15152.4863
50540.9492
163412.4375
103966.5312
4585.6128
65053.4453
130057.0859
84955.8984
144766.5469
122569.7812
10936.3457
120672.3828
178481.1875
43944.8750
492.6444
12827.4189
141088.9062
28889.5234
148179.5000
3917.9917
168763.3438
76294.0000
143876.7812
17090.6172
101716.4766
41594.0781
144517.1406
23243.4199
185634.1406
20599.3945
99132.5078
200786.6250
71140.3438
47796.5898
90004.7969
75725.9609
112850.0391
5313.5166
160681.8594
42868.2070
127883.3047
171618.2031
163540.5938
91616.1250
814.7120
164033.2344
104443.5391
141903.6250
192922.7656
37874.6836
145821.6250
146937.7344
114168.6797
74950.0391
164028.3594
1136.7916
116544.1172
93797.1406
24380.2109
87429.8906
114396.5312
123512.7188
73468.1562
185536.8750
171309.3125
163472.9531
46514.4688
69410.9766
168786.4688
207196.3281
112279.1797
81921.3984
164066.1562
61071.4180
173537.5156
164880.8750
10356.2900
63232.6992
92036.1328
203279.0469
101107.3828
23109.3848
135468.4219
527.7015
98059.4219
84748.4062
1664.4930
214603.5469
178545.5469
26044.7031
87285.0781
78193.7188
149557.4219
160753.2344
48982.2266
106118.3672
109477.8203
95496.6953
175529.3438
63515.9219
87944.6562
73060.1562
145437.3281
37262.4531
134131.5781
104226.4844
202143.3281
144487.8750
167459.1875
79431.0938
133018.5625
53818.2031
102540.4766
53738.6094
54345.9023
200599.9062
138487.0312
56010.3945
200455.0938
102284.2109
82055.0938
72991.8047
180477.9219
16864.1582
18996.6660
14711.7891
122982.5312
128474.4844
110208.4844
83763.5000
191990.4062
198153.1406
156823.6719
122679.3594
20667.2266
76206.8750
12157.4814
8062.1890
5946.3770
179616.6719
87493.2891
138964.9219
18686.5000
190033.7656
192703.5469
73032.4062
175885.3125
116442.2031
129042.8047
161592.0312
3978.0488
211097.8906
19835.4648
184455.9688
13213.6934
38832.1328
199167.7500
136196.2188
167306.6094
94627.8828
5211.3555
144548.6562
78032.6562
162035.0156
52479.6562
98699.8828
23493.5293
64637.1406
106762.0703
29439.9062
29505.4395
194255.3594
168404.8438
48191.9375
169540.7656
146360.0156
121224.3438
130677.6953
48053.8555
35518.7734
77521.3672
52031.9023
31868.3105
97356.8281
21739.5156
45082.0039
136188.9688
6158.9136
181278.2188
88747.2188
100786.7969
186489.5781
18547.5117
178819.4531
133776.2344
71027.1719
62770.9688
157269.7656
135664.3125
169533.0469
186709.6719
165169.7500
149040.0312
140366.1406
213361.6875
103832.4375
71977.7891
119837.6562
19761.7695
120031.6562
155356.4375
97283.1328
172063.5469
187224.7500
194639.9688
193803.0781
17558.3848
116080.5781
199961.9844
198836.6094
204827.7812
86000.4141
170577.8125
8626.9404
50071.5039
89605.6797
79654.1094
112842.4688
32127.0781
570.0582
67627.1562
4088.3809
165739.8125
1918.8296
144454.5312
164353.1250
105751.2656
1683.9512
69442.4297
125513.0391
121715.5938
10050.5039
8047.8047
79030.7969
197275.2500
202687.7812
58085.5039
85.2715
104019.9844
43299.1211
198921.8750
94099.4141
129299.5312
154751.3281
102726.3516
179371.0469
29608.6465
182380.4688
77465.1484
61735.7266
182950.5312
145092.3125
65824.1016
133941.9688
147011.1406
210278.6250
83546.7344
38014.0352
211962.5781
152989.1562
163527.0625
118929.8203
163039.6719
171574.8750
197960.6094
145566.5469
159514.2812
41297.7422
145651.8281
48785.9023
84596.8672
129825.3281
142885.3125
213896.4062
69828.3047
30863.3047
178519.0781
99436.9453
213243.7812
41235.8672
161172.6719
181445.9219
186328.1719
12248.4092
100639.5234
118590.9531
7778.6719
184186.2656
156604.9844
4992.8848
122427.0625
105383.6953
123922.7031
70718.3594
62210.2031
107134.9453
1536.5518
6976.1201
148432.6875
147188.3750
55762.0234
18281.1895
62265.3516
198647.3438
17429.2285
132093.6406
14762.2832
195948.3125
16782.2324
13257.6885
22435.8164
177954.9062
194703.6094
208764.0000
190203.3125
80594.7812
112606.5781
197981.9844
50032.6797
54463.2109
202974.8750
172459.7344
159846.9062
112149.2109
28429.7344
7308.7407
4535.7832
29966.2871
14284.8623
152968.4688
177154.6562
70046.8828
171249.6562
24671.6504
53945.8633
188678.8906
156765.2969
68708.1484
169878.8281
173547.5312
81965.8359
192314.6562
136754.0781
61921.0898
186330.2812
112209.0234
142515.8594
84188.5078
95442.6406
192548.5469
138651.7188
83669.1484
150259.9219
83750.2500
195818.3438
178689.6562
91058.9922
200354.1406
208655.9375
105343.8594
138574.2344
171062.2500
175390.7500
95075.5391
195733.8906
14588.2432
69006.0703
137750.8281
83296.3906
24136.5352
96550.0000
165262.2344
1702.8246
18555.7012
12434.9531
188033.1094
130764.7266
154950.8281
57473.2461
11458.9951
132751.0000
196124.9531
95128.1406
68262.5625
65126.8477
76198.1250
32203.8496
156185.8438
61803.8906
26111.4297
46781.3359
200378.1250
197173.6719
7423.7119
80705.3047
178159.1875
22011.9551
149711.3750
101161.6562
105308.3438
173847.8906
197711.6562
55822.2070
175550.7344
1518.9875
68257.1641
148835.4688
132283.7188
8459.6211
206308.7031
143742.7031
141210.6250
187685.3125
24122.4785
209473.1875
38063.7930
100320.6016
26928.6719
194249.6406
162124.5000
53040.1016
26282.6035
147754.2656
35465.4062
33706.3164
13711.1973
213624.6094
55718.2734
163422.5625
100037.8906
161026.6094
122522.1016
83001.1797
2100.4629
83324.4688
84520.1641
70357.6250
17411.5723
2055.5117
78817.2500
8971.9248
145798.2188
5279.5088
196657.2344
169920.6875
4.3312
19972.6641
55492.9336
26933.0039
214222.2969
2869.0608
79973.1094
25756.5371
150623.3281
115438.5156
59462.8555
164334.5156
114314.7500
115181.1172
113008.7188
214352.6406
61459.3789
20782.4551
82605.4609
63559.8398
104106.9219
167125.6250
133917.4688
121518.5000
169181.1250
212734.7031
130490.4219
100230.9922
3265.8577
112399.2969
55403.3203
3270.1887
132371.9531
110896.2578
30203.1934
131845.8906
113765.3125
110176.2969
157602.4375
49640.2695
10866.4463
2316.9187
213974.7812
125181.1953
117498.0469
112235.1328
124785.4688
178957.4219
133017.5938
207390.9375
27768.8965
22376.1523
159768.1875
161686.3594
143894.6406
114200.9766
159672.7188
59636.7031
214431.9688
162938.5781
172036.0000
55086.9102
166208.7500
89659.5938
165983.1719
196411.9531
6757.1177
65000.1094
91839.8828
164359.5469
114640.3828
102706.3281
166676.4688
113866.8047
13139.1611
69426.1406
11353.5723
137924.6406
33635.2031
144371.1562
130567.2031
61404.0977
166747.3125
75587.0312
8342.0977
95893.6016
189788.0000
168014.8125
155530.2969
189471.5938
116205.0156
112817.9453
29810.1367
67665.4062
202477.5312
195793.3125
49328.9961
209234.6562
46045.0508
141168.8906
158845.8438
160685.4219
29126.8477
110773.9375
59803.8594
42266.0078
180200.0781
71157.4375
180190.6406
213835.2969
780.2344
96009.4766
60491.0195
167527.5469
171596.5000
68833.1172
48672.7891
146636.1406
22099.5625
204203.0938
121359.3750
138304.5781
102272.6797
151169.5156
205969.9844
90001.8516
132214.4531
40550.6133
84488.1406
178259.5000
181719.5000
28585.6094
124196.5547
210846.3438
139359.5469
184000.4219
38363.9883
104811.2656
40409.4883
3806.2676
103898.1797
41189.7227
99815.7500
164389.2031
208717.2812
56663.8984
18473.9531
42641.7031
203300.0469
40573.5117
32096.4375
109911.0547
178878.0938
134369.1094
46332.1914
170099.7188
9622.6035
178546.6406
210650.3281
94110.7422
142057.7656
177621.4531
122696.3594
51505.9648
173719.4375
47307.5312
20758.0215
212083.4375
152118.7969
61167.5078
1141.3285
41268.6133
102357.2266
100957.0781
205657.8125
96326.1406
157620.9688
9383.4053
138967.8438
146172.6406
49956.9180
171064.2812
41335.3281
14086.6465
90685.0312
87667.5234
184186.3594
100307.6328
51465.7969
180088.3125
194418.3750
193523.5781
142961.4062
102366.3672
30281.1719
101932.4844
149673.9062
51039.1953
99267.5469
87044.3359
112206.6953
100408.8750
128312.9453
214563.9219
201365.9531
119222.3984
96141.7031
144238.5469
128605.8125
20361.1816
75662.8438
178562.7188
191425.4531
116998.1719
192649.3750
67362.1328
204665.6875
162087.3594
167669.7656
41383.1250
127427.3125
147339.7812
20158.3301
55640.3633
34957.7891
50439.5000
157572.8438
184631.6875
101478.6953
42092.0312
56927.6602
213685.3906
142500.9062
185240.6094
213500.9531
129118.4922
89714.6484
94894.2969
58608.6836
3572.0940
115255.4844
134271.5312
182134.8281
91932.5859
36521.3281
160035.8281
159294.7031
26438.6523
107374.8359
112216.1172
67821.7734
20053.7871
44807.5312
87980.1016
75694.1562
79765.3203
138419.6094
18518.6406
49648.6445
25149.9336
60610.6758
106576.3047
24086.9629
203111.5781
77068.5547
22839.5566
117481.7031
166783.2031
117733.8594
176090.3906
170355.2969
18240.9727
95613.5469
137741.7656
110173.5547
132134.8750
83029.2188
54719.8984
158573.5312
190404.0625
166936.0156
11646.9424
210457.8438
211743.5469
99627.0469
71403.6250
76760.5000
23298.2871
89922.2734
126409.1484
48448.2227
150532.9375
18237.0938
72535.1875
138896.1719
95305.6484
95374.7422
41629.5039
47340.4883
213108.5938
2971.5312
2947.4265
16601.2051
98585.0781
140689.1875
126774.7578
15971.5947
8970.0430
181494.6562
174545.1250
199374.0938
133682.2969
186192.0625
195083.5781
130677.4766
71070.7500
51738.8398
207437.9844
94369.0391
141661.1250
119098.7656
142817.2500
77445.6953
137335.8594
604.0791
1593.4941
17893.1465
95978.8203
43223.0000
65233.6367
94339.0547
46194.5273
68181.0625
110940.2656
144779.6094
208870.2500
22966.6504
160751.2031
3091.9272
204461.3125
120547.9688
202466.0156
123395.2500
91991.6719
182801.2344
39324.3672
163062.4219
19791.7129
32013.9902
42683.0938
161452.8281
151112.7500
185500.3594
24150.1582
73700.2578
186104.4375
25743.6523
91593.4062
67334.8828
68966.6484
156827.0469
161673.9531
115161.1797
10259.7451
57865.8359
45192.4297
4381.6289
80832.4844
205943.6250
7473.5562
70545.4297
111743.2344
209939.5781
193940.6719
203734.9062
177992.4531
18516.6777
152048.9531
197784.1719
50530.6680
194732.0625
144488.6250
201643.4375
165484.0469
168638.7812
60595.3203
136840.1094
194382.4375
152188.7188
204175.0000
48600.7266
94267.4062
151100.5781
163761.9062
104527.1562
208966.4062
208954.3281
108908.7891
75050.5391
200149.6094
116382.3359
145595.9688
97144.4766
111573.5547
124788.2734
86131.0234
74817.6406
143304.9531
23431.6230
57853.4414
193835.6250
3415.3188
202342.0625
180730.6875
168899.3594
156232.4844
26577.6465
90991.1250
135866.5625
178766.3750
80417.7656
184467.2969
58285.4219
16769.9844
133480.8281
162812.5625
10988.0371
127686.7969
56972.9844
86038.5781
113088.0391
173355.3281
16886.1797
210232.5156
70180.5156
141674.4531
81615.1719
144998.1562
70231.0547
105046.7969
202851.5938
49318.3164
108462.1172
190445.2969
15300.6416
62613.1211
131929.4219
41878.2891
153604.2500
53047.6211
5896.2993
19273.6426
22766.5449
64181.7148
36043.6289
156247.3750
12245.9229
47031.6641
69185.8125
69218.9141
133070.2500
182273.8594
27825.8711
149956.4219
177758.0000
98006.3906
76882.5156
44624.8125
28256.1797
147113.5781
149671.6094
16359.4131
196431.8906
43385.3672
206804.7031
211732.5312
105998.4844
123985.7656
38862.4531
44854.3633
177033.3906
44758.7539
64128.0078
199799.9375
108940.4688
100171.6328
141298.9375
121186.3906
147203.2969
210484.7656
190405.2969
65525.1758
178010.2344
3482.8115
733.2325
141019.8750
101489.1953
77615.7500
185644.7031
129745.3828
9980.9541
120567.9453
146104.7969
206412.8438
163953.3125
138161.1406
203397.0000
55203.4297
47398.5469
27511.0918
100057.7891
9683.5742
72269.8438
164185.8125
209483.5000
181210.3125
49609.0703
136034.0938
87648.3359
196812.3750
131770.4844
63305.2812
47589.1836
95032.3672
66788.0859
48322.4180
21303.8809
168277.2812
125938.1641
206948.5781
83274.3047
135919.1094
112768.1562
14630.7314
127583.6016
61973.1016
152791.8750
116232.2422
117176.5234
200190.4062
143743.3281
2485.9585
209874.0000
1264.8083
166671.7500
204609.1406
182475.1250
1532.4700
125894.8594
55375.0977
198344.8438
42916.9883
118680.3828
31185.6641
137949.3438
185468.4688
79508.0859
159253.2344
138997.4062
205446.2500
151453.4375
7523.3359
126617.0000
49473.2344
22154.0664
39452.2383
111446.3359
174945.9375
155684.4844
13874.4980
160388.0000
84679.4375
16360.4561
155513.6094
85944.2422
183032.2188
145374.3906
53671.0000
184564.6875
56520.8906
109046.1094
168161.1719
99437.8750
12978.1133
199346.8281
22638.8633
198446.5781
64106.5469
181892.0938
122695.6172
54804.4297
118597.1719
130218.9531
181421.4375
168070.4062
152373.0156
6125.3081
64768.3789
112570.5859
161809.7812
78642.8750
58210.2148
31740.8535
95003.3281
213723.8281
117685.1094
63287.1797
144349.8438
171356.1094
33103.5039
200870.7500
65653.8438
201264.6719
85560.2578
78631.9531
185863.1406
108199.1172
62330.1758
35221.3203
75342.8516
185025.7969
90025.7500
193940.0156
100496.3750
56698.8242
147262.0625
38121.0234
62824.1289
212030.4531
150691.6094
9885.5479
75924.9531
208901.8281
41626.4023
170928.2812
207877.2812
159311.5000
19467.1035
137478.7656
115919.2422
52570.6094
123601.1484
181573.0781
39086.9141
209161.4062
45456.6758
10201.6875
102612.1562
107786.8438
45423.0078
177955.0156
78064.2656
135448.7500
157146.6719
178560.6406
192147.5781
89660.3750
1933.3040
40223.3477
86942.4609
152624.9219
50108.8945
162867.4219
146778.3750
91735.2969
119047.3359
139907.2969
36298.4375
138514.4375
62637.7148
152217.6719
191085.0469
186238.8750
119042.4062
15423.5986
180651.9062
164499.0781
25625.2852
68515.6953
57537.5547
71048.2969
31722.3457
135601.8281
206497.0469
188869.0156
99414.1094
183896.2656
63781.0234
101347.4141
9371.2480
150723.4844
39223.9648
59480.1406
98842.5312
186002.3438
151215.4375
3141.4944
111161.2891
187513.8750
141655.9375
173799.0000
124983.1953
117992.6172
145289.5156
29277.2324
133416.2188
111193.0469
193776.3125
159041.5000
179708.7500
36565.5000
15341.4238
211431.0938
172167.3281
7090.1094
185551.7500
56833.0703
190986.3750
34584.4023
158180.4844
200357.6250
185307.8750
197404.4375
45089.4023
69402.0391
168658.4375
196304.8438
72543.5391
65071.3477
169070.3594
214199.4688
24121.9863
79305.1875
117443.7266
169411.5000
108582.4141
36111.5664
65856.1797
87610.3594
195153.0625
30816.5625
124175.8594
210494.4844
27499.2969
81594.8281
2836.2329
213051.0469
138427.9062
193822.6094
32887.0820
81860.0156
179431.8750
3446.5984
64516.1016
9772.9043
72848.6406
18426.1621
206077.7500
145392.1719
83497.5078
160399.7344
144843.2969
107619.4922
24956.5586
47538.6406
62282.6250
133538.9844
83650.2109
128138.8047
6400.9741
64054.9062
158955.3594
130576.8438
59801.0312
186454.6562
212171.6719
62637.2617
184757.3438
135851.2031
41711.5078
2896.0532
2962.8584
6395.0078
6342.6519
67478.9531
16167.9121
79191.2969
85905.1172
7497.2935
9835.1094
169402.6250
167897.0312
154678.4062
62273.7617
192853.5938
202217.0312
124556.3906
111644.1953
71118.8828
37946.8242
118045.1719
135173.7812
196902.1875
33873.6484
194974.8125
168608.4844
31296.9512
42863.7109
138617.4531
167148.1562
84575.2188
141513.5156
170111.0156
90970.2266
147856.1719
22841.6074
107138.1406
12299.0947
108746.7266
114635.4297
22134.2051
63400.9922
67784.0938
176812.5938
125674.7500
45889.3203
164281.2656
35482.7773
157533.5156
20651.7871
73429.6094
60830.3281
155825.5781
55583.4297
94703.9766
136052.0156
9443.5537
126000.9219
178915.7344
148061.0156
78400.7188
48742.5898
74826.1641
33763.3711
139712.8125
7933.9648
56604.9805
32102.5859
20233.0586
165351.7031
146738.0156
42367.2656
14004.3340
214522.1094
4431.5010
139679.0938
45663.0703
168712.7656
175161.8750
203196.5938
189364.5625
33843.1094
49278.5586
130441.7656
89426.5391
143982.5312
51745.4258
98870.0938
55235.0977
15912.7939
32182.7422
133635.8125
64655.3789
107008.9062
167399.1875
204368.1875
114942.8750
9255.7969
21722.4160
135175.9375
174607.5000
168460.4375
177543.1875
188611.8438
168234.1875
181974.6875
113542.5625
213897.2500
135939.1094
73956.0703
202345.4844
110555.3047
107799.1797
36875.6797
26248.7012
197225.7188
180858.2188
77994.1250
81347.4453
21344.9453
93906.9219
113530.1875
154980.7656
158562.2969
5790.7295
107631.5781
148182.1250
120733.6094
116887.3750
169904.5469
41161.1680
76746.5156
123616.6172
3955.9983
50609.9883
77102.4375
185930.7031
164152.5469
76251.3359
107121.4375
23360.2520
63848.4531
2928.3684
131159.4219
100724.1328
29177.0684
113636.7734
66833.9844
107171.1953
194984.2188
88178.9297
201078.1250
93766.0469
28411.3281
144892.0469
99556.7734
136042.9062
78325.8125
5542.0122
38181.9219
33481.9883
46703.1797
114928.4375
157098.5938
50659.1758
165538.4219
19452.6777
21841.5078
114942.6016
95704.0156
128962.9453
138302.8594
159552.4688
131891.3125
54713.9219
45528.2383
161068.3750
168350.7031
112362.2266
53491.2109
148586.5625
200541.1562
39820.9570
27604.2441
14204.1201
184713.0000
127161.0234
150247.0312
48290.4453
132703.0312
188428.9531
81772.4375
179406.2031
88609.0234
24122.6738
15317.0225
39399.0820
43575.3516
37158.5312
154341.6875
139279.3594
166121.4688
77896.1875
84083.4609
83264.4141
132610.1094
129611.6953
29584.4316
86212.4453
27225.5645
83075.6406
20050.6406
13018.3564
122896.6016
47654.8828
27222.4766
92861.2344
174815.8906
177469.5000
141151.6875
92770.5625
151150.0938
8175.7520
57428.4102
25010.7480
32298.4258
72745.4375
64409.8320
75873.7734
109903.9609
4003.1553
404.7706
61277.0742
81899.3438
84488.2344
144541.4844
214509.4531
214099.9375
174125.9219
85973.5234
26577.1367
42453.2031
106024.1641
39595.4961
165349.7969
153679.0469
66817.9688
43462.6719
113746.5859
29539.1113
184614.3594
206517.1406
180689.2031
192790.1094
49197.1953
205699.9531
10340.1680
121942.6328
55361.4219
86213.9453
17098.2305
59364.5742
86618.7109
78375.3047
141263.9062
171106.9375
8168.4297
141025.0000
170458.5156
182294.3438
12250.1553
197035.6562
9999.1914
118274.3203
21882.7832
175348.9844
57205.0039
88700.7578
4063.3015
170951.5938
118239.8594
188677.6562
162720.3750
84180.7031
166719.3906
211917.5625
75132.2891
177059.5781
119111.8359
130493.7109
48525.1445
136210.0625
189858.2812
135143.8594
214585.3750
116373.8203
91502.4453
8005.4321
42650.4570
47212.5977
190299.7812
54900.6133
29499.8887
200298.9844
173174.9375
51382.6758
160899.6094
15631.5762
140083.4375
164962.9062
186583.1719
43574.9297
138892.2031
134555.1719
127755.6328
90863.2422
131724.3750
202887.9219
53174.4414
36087.8477
118633.2656
101699.5859
172297.9062
93743.1797
22095.0820
172134.9062
210117.0000
113597.5312
180140.3594
38019.1055
160810.1250
155691.7656
92919.7188
190310.0156
141242.3750
51346.2891
26944.3203
87393.6250
66977.8594
167027.7500
37608.1680
38812.6641
210602.6719
176500.3594
173367.8281
123609.9453
52615.2383
90343.8516
111749.4922
105789.6797
126431.7031
15634.3936
207489.2656
83981.2500
109377.5781
14835.9824
41367.7969
104746.2109
128433.5078
6759.7778
142765.3281
74495.2656
162451.5469
20936.6738
50056.9102
88945.5625
72282.9609
77001.2344
176339.1875
139260.8281
29280.6152
213947.3594
178073.5000
25134.9258
175699.3594
136692.9688
148744.8750
13566.2256
12288.4561
45746.0000
119355.9062
138720.1562
61380.3906
112096.8047
7953.0366
170757.9688
126932.7891
49320.8320
60755.8203
40617.9297
56080.6094
203521.1406
115113.1875
3783.7915
9709.4482
165170.1094
92729.3594
81992.4062
27422.9727
54320.1719
6504.8726
56703.5898
53519.1602
184578.3750
81838.5156
14470.1475
106522.9688
15835.0195
28036.3711
118811.4297
61581.0195
147392.2812
42783.2148
122961.4062
44740.7148
50736.2539
78971.0156
171673.5000
100057.0781
139726.8281
212291.4375
156137.6875
128499.6094
112656.2578
159921.4844
138209.0469
63078.0039
37902.4766
5453.0991
90500.9766
92222.6484
11957.9717
147204.5625
145741.8125
196536.3281
14294.7148
160211.9531
88310.9453
30129.7344
188248.3281
207122.3750
91710.7500
120892.2344
35157.2188
214672.1719
165632.9531
85893.4688
78894.8125
122558.0938
185950.5469
3873.2776
120101.1562
127339.8906
132372.8906
18009.0527
72513.0078
55833.5742
81087.0547
110415.4844
61286.6758
171588.0312
202638.1250
73244.6484
104044.2266
133631.5781
55032.6211
118338.9453
79095.1719
143343.5625
148468.6719
52595.1367
135717.5625
25431.0605
173487.3750
170874.7812
25354.8574
124371.9688
42019.8867
104249.6719
32181.6953
13222.0791
108122.9453
152282.8594
140561.9531
25747.4648
170291.9062
213074.9688
81581.0469
36630.5938
108742.0938
142867.7188
208218.6250
96631.8594
1363.9939
97514.4844
15515.0723
56396.6133
1105.0555
94610.2422
199740.1719
149573.7344
147205.3750
120709.3750
175004.7812
105944.3906
76835.7891
200359.6406
15567.9932
118855.6797
89860.9531
47749.6914
132077.7656
197983.8906
200032.5312
57891.3594
8982.9990
155576.0938
56217.9648
90564.0391
192206.6875
164960.0469
18683.3887
185676.9219
46843.5469
20047.3828
68443.0469
62358.6172
76443.9922
69548.1016
156968.8594
61435.8008
4373.4692
89425.8750
182145.1719
179378.2500
195370.2656
44232.6016
164989.5469
210938.2656
163088.2812
40102.1289
43939.5859
80417.6797
23337.6602
29223.7637
138309.0312
32320.6602
184799.8438
194527.0000
122884.6953
162258.1562
144738.6875
141568.0938
133186.7188
191582.2344
161615.4688
201629.7812
39192.4961
23311.0996
56429.5234
196161.3594
84746.8984
60802.9883
70838.8672
52143.7148
25432.8848
51460.7695
96376.3203
190422.4219
47650.6641
44716.2344
15776.1875
91590.2500
125133.9141
39113.8477
120814.0156
48694.5820
71434.5078
90865.5000
28473.2168
194319.2031
38375.3008
173211.9062
121138.9297
171562.0312
150045.7812
68006.0312
158443.4375
189238.2656
91317.1328
124.6046
170651.2656
176064.0312
60927.5977
26741.7734
13459.3828
86360.4766
78202.5391
109835.6953
62034.5391
125853.2109
154551.9375
77810.7266
2695.0945
64937.4766
116924.5703
123509.1094
113632.0625
188359.0781
214374.6250
142105.2812
167929.9219
38001.5469
100568.8281
74320.4844
209563.5781
35866.2422
142326.5156
153258.6562
10356.1562
18895.2832
153383.2500
181007.4219
194959.3281
214310.8594
207749.2031
208418.7031
85922.9766
71203.3828
103506.0391
147957.5156
197056.5938
43309.6016
11019.8779
199751.6875
108247.0938
127944.4453
108512.4219
7130.7832
101555.1719
108138.6719
149236.0625
54736.7305
146140.2188
35056.5234
129057.2188
140955.4375
70922.7656
56635.3672
79465.7188
81278.9219
75530.6484
18100.6191
47537.9844
55741.6016
17663.1133
40538.8164
49411.9375
103586.0859
111742.1953
152917.9844
36795.2383
94050.4141
196227.5781
47815.1172
79053.7266
89726.2969
175759.5781
187566.1562
96857.0781
62566.3789
80956.4531
31344.7773
117303.1016
12348.3076
66401.2969
31611.9590
153303.7344
137324.0781
88247.3281
18021.0918
3854.6248
163777.9688
36121.7109
51392.6094
4771.2139
53784.8242
91931.4219
54183.1484
157370.9219
203673.6094
207101.1250
194166.1562
82975.6641
188580.3438
27232.9082
162029.3906
63558.2656
202992.4844
134847.1875
160415.3438
50810.4961
1055.2678
191760.1094
168113.5938
13403.5762
43413.0547
199725.5625
166707.3125
180737.1250
73224.5234
184728.4062
184591.7500
22254.1328
6101.7505
21235.9922
27025.3477
59886.5781
113167.4141
81208.5000
2509.1255
102092.6641
73561.2578
196675.2812
185068.3281
47393.2266
9159.8223
132349.3594
110951.4844
212152.3125
52448.1680
56618.4648
48214.4336
53503.4375
33630.2227
1579.6704
66907.0156
77043.2734
201305.2344
18865.9590
43032.0391
59781.3906
203594.3750
12875.4219
82035.5234
209696.1094
34111.4141
109060.8672
54834.3242
147278.8281
190269.3594
57343.4492
34623.1328
49082.2578
39270.3633
4943.0991
96475.4844
48430.1875
137292.4531
207426.9688
45834.1250
189740.6250
49297.0742
94048.5547
28495.6992
82927.2969
95628.2266
95402.7109
159970.5781
82185.0938
114268.6719
203002.6094
141966.4844
103114.6719
1129.6729
9253.6406
98062.4141
35241.0859
118314.5078
152896.7500
182519.9062
93835.5156
210240.1875
2394.6819
142917.7656
34762.1875
7337.7817
24644.8984
83192.3750
144630.2344
17323.5078
129026.4922
119622.5000
66620.5859
8326.6924
148118.1875
149547.8750
103954.9219
28772.5449
94770.1016
186140.0000
143041.2188
83024.3438
113358.1328
31407.5176
84154.0234
122611.7734
129469.9297
119395.1094
26177.9180
67618.3047
87166.6562
120013.4375
63110.1328
89561.3359
48182.8438
97872.3203
96899.1172
72827.7422
181064.6875
26780.9941
90151.2500
95342.8281
146403.5000
156771.8438
103669.5234
79773.3281
91571.3516
207624.4375
108545.8672
186341.4531
179016.0938
36838.7188
54617.4336
77625.8594
68246.2344
138771.4531
200237.6250
197716.1562
43418.1914
11667.1816
50586.1055
130584.8438
131680.6094
113696.2422
5397.8208
179863.4688
211568.5625
102296.9375
37942.8398
177884.8906
129077.9375
128094.0938
58479.3555
60733.0625
70117.5547
162148.8750
140506.3906
161688.9062
155024.9531
34303.8945
133282.0000
119292.6719
71142.6094
187899.4219
196918.5312
139388.8438
111922.5078
182407.7969
122356.6484
155340.7031
194074.9844
172942.7656
71177.1875
111007.2344
71890.6328
76575.0078
76122.3203
68710.8203
178871.9531
114065.1641
31847.3438
93201.5156
27410.8887
90326.6953
153934.5781
97528.4453
37727.2109
79692.6016
44468.9922
192752.1719
113996.4922
177750.9844
97296.4766
185139.1094
150902.0469
79466.6406
109779.5859
48076.1875
47126.0742
17387.8711
203416.8906
26452.6875
190330.6250
59845.7070
137459.9219
47472.8906
136420.7031
213582.2500
116183.7031
100544.2969
112899.0469
148031.0469
193745.8125
140309.9219
23609.3848
132932.0156
23090.0117
61336.5938
212624.6250
67559.0000
39340.3906
111872.7578
30561.6230
136636.8594
82263.4922
181463.6719
1355.1434
192043.0781
14791.4893
48481.2188
209430.9531
3460.0139
74933.9062
185013.2188
63305.7227
212393.8281
17737.7383
199726.4375
211227.7031
133921.4531
85522.3672
109378.3828
67204.1328
64519.8086
34939.9453
90813.5156
197451.8281
58029.9570
152150.1250
195328.0938
125588.9531
191490.5000
92452.4766
156150.5781
113379.0078
174715.9688
122865.8828
114734.1406
152010.6875
137657.3750
163215.3594
146693.2812
141117.3906
23400.9062
116958.1328
204423.1094
21046.3672
134695.8750
189401.1719
17525.7031
53868.9531
60175.1797
126904.0859
121073.0859
124694.9922
161844.0312
211886.6094
107398.4531
5125.6226
149288.3594
87978.1797
130714.5859
126030.4922
180430.6562
72116.7969
24661.1328
140398.2656
194982.6875
139395.2812
77660.5859
117891.6953
87862.2812
9605.5049
44260.7188
111263.1797
126563.6328
33935.4609
132309.5625
46511.1445
8588.2764
149835.2500
100380.1016
68763.4531
61990.9766
6704.8276
193458.4375
9086.6406
3843.0735
86108.5391
14212.2637
153131.4375
174086.7188
144926.8438
64413.5625
139769.0156
2295.2812
89074.6953
65418.9062
197277.9688
13721.6094
143079.4844
100421.2891
101583.8828
152684.9844
144682.0156
212847.0625
64500.2695
178617.4688
130408.2578
111011.4141
187205.7500
65495.1484
211391.5156
41220.8398
127486.1172
3347.9768
19930.9219
136572.7656
7191.0503
106039.4531
150785.0312
160322.4844
65377.8125
80963.5078
9987.6797
205146.8125
83258.7891
99062.3750
55817.3516
65788.3906
112783.9844
198896.8438
166209.6875
214367.8750
136833.4688
96143.3281
212466.5781
201333.7500
60012.4336
128126.4766
97596.7969
32469.8184
193621.6250
94239.9453
73690.6562
106359.3828
97587.9141
93621.5781
28183.7793
104778.9688
199661.0312
178968.8125
50353.0859
50290.4766
45183.9531
60340.7695
40688.9297
128442.7422
159403.1406
96506.2812
194231.1250
57438.7578
80654.7578
145692.4531
57058.2734
2739.8667
27087.4180
54776.4883
204073.6094
87099.8516
182902.9531
86922.0391
119569.6641
161776.2188
181161.9688
193260.3281
53387.2305
64001.5312
72133.5391
81571.0078
168780.5000
57046.2031
45791.4531
4385.2173
107336.6875
90975.4062
64725.9844
148025.6094
4669.7852
9380.7588
29783.5234
198900.9219
66819.5234
110438.2812
129845.0078
123877.7891
113178.1484
156932.4219
178654.2656
102503.3906
29283.9160
146808.8750
189425.4219
148853.5781
93836.7109
155839.0469
127365.5391
147223.9375
5092.2026
199499.0781
14046.5859
173872.7031
41796.9219
59838.0430
178257.9219
149133.6094
150813.4375
28235.5352
82410.8516
155483.2188
37616.2930
112194.3672
139635.7812
104435.8125
7884.2832
54732.4297
13565.2402
121062.4219
211664.8594
192219.5000
8817.4541
26200.4102
124280.0156
198242.8750
175053.9844
3368.3616
139333.5625
87671.1719
150592.3125
144425.7500
72421.8906
164638.8906
103550.0938
114218.8125
9728.5635
67059.6484
48604.0508
160542.0000
95295.1797
131014.8984
101276.8750
132911.4688
28460.9023
26164.2969
22598.9238
36345.1836
80896.7266
36164.1641
157407.6094
77813.2188
13635.3115
166225.0781
104013.6250
137915.3281
149719.5938
64319.2578
141283.6875
74304.7734
151990.4375
77127.6250
3982.1697
9663.9648
27018.1504
107532.2656
123882.7812
36746.7148
174591.9062
172486.8281
197288.7188
55138.7188
88753.3594
83817.2344
188050.2031
117214.2734
109981.5312
210649.1250
153559.4531
190878.2656
32064.9180
96218.7031
53943.1094
45700.2344
47695.4062
157956.7344
183615.5625
197414.9844
7527.6304
110150.8828
56971.4062
159518.0625
187278.5000
60953.5742
169182.0312
214296.6562
168485.8438
78316.4453
36295.0078
128329.3828
36054.9141
18835.3672
183468.0938
124808.2812
102652.6016
156769.9375
27274.1816
212634.1250
152670.6875
180833.6406
188764.0156
184735.6094
62303.9727
27958.7578
15687.4766
109999.3828
185915.5000
199303.0469
92666.0078
193443.1250
94705.5469
149637.4219
138212.8281
67235.6953
210590.9844
92646.4922
66783.9844
164328.4531
170962.9375
103078.9922
77909.4688
207017.8594
121914.3672
