148062.0469
154998.8750
3181.6509
129563.8125
149280.7969
212512.5781
194928.5000
65357.1445
70948.8672
84713.5312
29862.5879
1520.9180
189009.1875
45479.4766
68160.3359
137129.9844
109248.4453
95844.2891
182291.8594
91865.6406
5634.5122
167350.4219
206116.1562
99280.9766
121217.3984
39398.2070
67615.1250
64299.2656
103615.2266
94125.7812
20682.1191
36928.9141
34376.2891
23863.7695
166492.7188
183657.0938
21627.9805
146672.8750
34265.8672
92576.8516
16638.0312
64128.4609
94097.7734
205647.2188
109607.9375
162258.1094
128028.8359
4108.0112
43354.0312
95572.3359
95973.6484
48988.5430
48174.3945
87341.4453
148269.5156
169391.7969
126739.6641
1136.2789
18942.6895
15606.5166
95262.0547
39624.8086
52535.4336
129638.3516
63488.5742
4279.7954
98547.0625
85116.5547
150952.6719
132812.9375
177693.4219
167590.6875
196941.4062
57042.8164
158489.5469
91800.9688
4552.5576
71770.0234
95908.9766
47906.5898
167342.3594
191882.6250
96895.1328
768.3923
64475.7109
30416.2871
170160.1719
191215.3750
31552.5664
189102.8750
206821.8906
126814.6328
13979.3154
44608.9531
41704.6055
77467.8906
48888.7500
140251.6719
162584.4531
199841.4062
58316.2422
125529.5000
152683.7344
40509.2773
182572.3125
96424.9219
132310.2500
187124.8594
168194.9375
13470.8516
20283.0938
120788.9375
205353.4688
117178.2266
121557.3359
55080.8242
147594.5156
76969.1484
31547.8281
179147.0781
51323.6562
23621.3477
91213.3359
65302.9766
68230.2969
132917.9375
142770.8750
117119.0547
58421.2539
90606.9531
102212.0859
116737.5000
1388.0863
40147.4609
157246.7656
183960.3906
136572.3750
74808.6562
156336.9062
90018.9531
88279.5000
176620.0000
210807.8906
78884.6172
79049.8594
117616.8672
133965.4375
11896.0049
194586.0156
165513.2656
191043.0781
31161.3145
189134.6250
67508.0547
96464.2891
42616.5469
200426.0156
24486.7930
159735.5938
44098.8945
115093.7500
47199.3203
160836.3906
116481.8281
87346.7812
103334.8047
85693.8672
9170.8018
178143.4531
27282.4023
99189.7578
51674.5938
203902.4062
95249.2969
130559.2031
68203.8906
212866.1562
49776.2812
80099.8984
192703.8281
541.1845
56394.6172
9116.7725
189675.7969
123902.6797
105581.0625
17543.9805
109580.3125
130067.8516
177279.5781
153679.2031
30413.2344
9730.5332
99767.2422
146895.0625
97077.3203
203102.0469
17840.5703
106248.1250
166497.1406
45122.9766
205437.8750
3423.3640
34277.0117
85938.8125
133982.5625
102480.9062
84056.6172
183758.8594
182580.7969
62012.0703
184300.0469
24227.0488
71128.8438
159227.4688
148129.7344
176709.9062
176771.4531
42961.6797
92029.3984
139302.6719
196640.8906
122442.6406
149033.1875
81659.7734
54589.3359
31362.1504
70013.4453
72429.9062
137610.2656
21762.2168
117552.8828
128299.7891
25185.5820
151829.8906
214238.5938
159168.1562
39562.4258
83546.8516
128178.6484
7394.8599
145558.9219
97730.3203
31621.9102
1939.3992
42209.4258
179751.6406
178649.3125
4232.5117
7964.9502
55930.3359
143535.1719
204605.8438
178372.9688
77820.0078
71517.2422
18213.9375
109182.1562
141530.6875
90643.8438
32044.0566
163292.9062
208196.7188
160343.8438
188478.4844
145278.2500
159834.0781
132898.2812
184840.6719
28632.5566
46328.5586
192235.5312
174191.4688
144058.8750
9109.0811
176130.8750
186268.2969
188860.7188
140031.8281
190500.8125
196825.6562
195962.1562
119287.6172
186683.1562
159586.7500
197107.6250
43452.0234
177800.6875
91541.4141
184982.7031
53696.1719
123585.4688
133527.2500
47144.5312
69180.9531
107257.3828
192422.7812
14266.6621
25407.2988
162515.0938
42899.2188
71735.8594
140002.2656
2342.3313
1046.3685
149111.3438
178473.2031
187314.6719
123223.6953
103756.6562
163067.1250
105301.0000
84970.4453
67606.3750
77235.7812
29808.8379
49965.6367
120687.8047
207609.5312
141507.0625
90922.1484
46557.3438
50344.1641
9701.0449
93701.8750
119525.1172
116958.4219
71376.2969
133791.7812
142365.7188
19143.0195
176691.0000
214101.5781
159145.2812
179033.3281
399.5877
93508.2656
142758.1719
187714.2500
1983.5938
31766.4668
136033.0156
107284.5938
116736.9219
203639.3906
184520.3750
146545.7500
38856.6562
90459.8125
139406.9219
180363.7188
181381.9688
185964.2656
15959.5107
191083.0156
64917.7773
135484.6406
93293.0781
136294.0625
54528.0430
20910.4375
155437.0938
16470.6777
20263.6562
99834.0078
195504.0156
20663.2441
193342.2656
123513.8203
208377.5000
195325.8594
155280.2812
129662.1406
87862.0938
57268.8320
118553.1641
57634.1055
203814.5938
157409.8125
148093.9062
128473.1484
123025.1641
114727.5156
99689.0469
138984.6719
91062.1641
164606.8281
59720.9414
184355.2344
86152.5391
114248.9844
205265.6719
26841.2637
130719.6562
10780.9658
126675.2734
111475.3047
31444.2109
105269.1797
20240.7539
25073.3457
85846.6719
175521.0312
154735.4844
173708.7812
18041.5078
58540.2930
16594.5098
7107.7310
1201.7487
164688.4219
135580.8750
124226.9219
64667.5781
20521.5684
48463.2305
155729.7344
185128.3906
108184.1641
125336.6172
56532.5703
7684.7871
115853.9297
83373.8359
138404.4375
126634.8906
210049.1094
35131.3867
158079.1094
100569.9219
55372.1328
183152.4531
186416.6094
16144.8096
123139.5703
145377.0000
34186.3164
181679.8594
161971.5000
41294.0469
182881.6094
111911.5625
176874.9375
92360.1562
176579.1562
197396.5000
140823.3906
117560.5234
167776.5312
34259.1953
28148.7676
9560.7402
41943.9844
144002.6875
92934.5781
180348.4219
55889.2148
88235.3203
731.4490
213968.3125
188805.2344
56103.5859
182372.3906
160473.4688
72248.3984
90763.5938
91102.1094
106434.7109
57695.0898
38325.2539
147728.7500
25828.3398
150236.8281
109855.3203
118188.5078
112067.6094
92503.4531
44263.5273
14879.7598
45531.6250
78522.7188
43028.5273
55092.3633
120466.7031
187031.2188
148026.9375
86066.7734
28172.0664
21513.8965
86798.2188
27392.0137
210319.1250
142901.8125
209764.4062
156044.2344
401.8372
85779.6328
32397.9844
106836.5469
143474.7188
