148062.0469
154998.8750
3181.6509
129563.8125
149280.7969
212512.5781
194928.5000
65357.1445
70948.8672
84713.5312
29862.5879
1520.9180
189009.1875
45479.4766
68160.3359
137129.9844
109248.4453
95844.2891
182291.8594
91865.6406
5634.5122
167350.4219
206116.1562
99280.9766
121217.3984
39398.2070
67615.1250
64299.2656
103615.2266
94125.7812
20682.1191
36928.9141
34376.2891
23863.7695
166492.7188
183657.0938
21627.9805
146672.8750
34265.8672
92576.8516
16638.0312
64128.4609
94097.7734
205647.2188
109607.9375
162258.1094
128028.8359
4108.0112
43354.0312
95572.3359
95973.6484
48988.5430
48174.3945
87341.4453
148269.5156
169391.7969
126739.6641
1136.2789
18942.6895
15606.5166
95262.0547
39624.8086
52535.4336
129638.3516
63488.5742
4279.7954
98547.0625
85116.5547
150952.6719
132812.9375
177693.4219
167590.6875
196941.4062
57042.8164
158489.5469
91800.9688
4552.5576
71770.0234
95908.9766
47906.5898
167342.3594
191882.6250
96895.1328
768.3923
64475.7109
30416.2871
170160.1719
191215.3750
31552.5664
189102.8750
206821.8906
126814.6328
13979.3154
44608.9531
41704.6055
77467.8906
48888.7500
140251.6719
162584.4531
199841.4062
58316.2422
125529.5000
152683.7344
40509.2773
182572.3125
96424.9219
132310.2500
187124.8594
168194.9375
13470.8516
20283.0938
120788.9375
205353.4688
117178.2266
121557.3359
55080.8242
147594.5156
76969.1484
31547.8281
179147.0781
51323.6562
23621.3477
91213.3359
65302.9766
68230.2969
132917.9375
142770.8750
117119.0547
58421.2539
90606.9531
102212.0859
116737.5000
1388.0863
40147.4609
157246.7656
183960.3906
136572.3750
74808.6562
156336.9062
90018.9531
88279.5000
176620.0000
210807.8906
78884.6172
79049.8594
117616.8672
133965.4375
11896.0049
194586.0156
165513.2656
191043.0781
31161.3145
189134.6250
67508.0547
96464.2891
42616.5469
200426.0156
24486.7930
159735.5938
44098.8945
115093.7500
47199.3203
160836.3906
116481.8281
87346.7812
103334.8047
85693.8672
9170.8018
178143.4531
27282.4023
99189.7578
51674.5938
203902.4062
95249.2969
130559.2031
68203.8906
212866.1562
49776.2812
80099.8984
192703.8281
541.1845
56394.6172
9116.7725
189675.7969
123902.6797
105581.0625
17543.9805
109580.3125
130067.8516
177279.5781
153679.2031
30413.2344
9730.5332
99767.2422
146895.0625
97077.3203
203102.0469
17840.5703
106248.1250
166497.1406
45122.9766
205437.8750
3423.3640
34277.0117
85938.8125
133982.5625
102480.9062
84056.6172
183758.8594
182580.7969
62012.0703
184300.0469
24227.0488
71128.8438
159227.4688
148129.7344
176709.9062
176771.4531
42961.6797
92029.3984
139302.6719
196640.8906
122442.6406
149033.1875
81659.7734
54589.3359
31362.1504
70013.4453
72429.9062
137610.2656
21762.2168
117552.8828
128299.7891
25185.5820
151829.8906
214238.5938
159168.1562
39562.4258
83546.8516
128178.6484
7394.8599
145558.9219
97730.3203
31621.9102
1939.3992
42209.4258
179751.6406
178649.3125
4232.5117
7964.9502
55930.3359
143535.1719
204605.8438
178372.9688
77820.0078
71517.2422
18213.9375
109182.1562
141530.6875
90643.8438
32044.0566
163292.9062
208196.7188
160343.8438
188478.4844
145278.2500
159834.0781
132898.2812
184840.6719
28632.5566
46328.5586
192235.5312
174191.4688
144058.8750
9109.0811
176130.8750
186268.2969
188860.7188
140031.8281
190500.8125
196825.6562
195962.1562
119287.6172
186683.1562
159586.7500
197107.6250
43452.0234
177800.6875
91541.4141
184982.7031
53696.1719
123585.4688
133527.2500
47144.5312
69180.9531
107257.3828
192422.7812
14266.6621
25407.2988
162515.0938
42899.2188
71735.8594
140002.2656
2342.3313
1046.3685
149111.3438
178473.2031
187314.6719
123223.6953
103756.6562
163067.1250
105301.0000
84970.4453
67606.3750
77235.7812
29808.8379
49965.6367
120687.8047
207609.5312
141507.0625
90922.1484
46557.3438
50344.1641
9701.0449
93701.8750
119525.1172
116958.4219
71376.2969
133791.7812
142365.7188
19143.0195
176691.0000
214101.5781
159145.2812
179033.3281
399.5877
93508.2656
142758.1719
187714.2500
1983.5938
31766.4668
136033.0156
107284.5938
116736.9219
203639.3906
184520.3750
146545.7500
38856.6562
90459.8125
139406.9219
180363.7188
181381.9688
185964.2656
15959.5107
191083.0156
64917.7773
135484.6406
93293.0781
136294.0625
54528.0430
20910.4375
155437.0938
16470.6777
20263.6562
99834.0078
195504.0156
20663.2441
193342.2656
123513.8203
208377.5000
195325.8594
155280.2812
129662.1406
87862.0938
57268.8320
118553.1641
57634.1055
203814.5938
157409.8125
148093.9062
128473.1484
123025.1641
114727.5156
99689.0469
138984.6719
91062.1641
164606.8281
59720.9414
184355.2344
86152.5391
114248.9844
205265.6719
26841.2637
130719.6562
10780.9658
126675.2734
111475.3047
31444.2109
105269.1797
20240.7539
25073.3457
85846.6719
175521.0312
154735.4844
173708.7812
18041.5078
58540.2930
16594.5098
7107.7310
1201.7487
164688.4219
135580.8750
124226.9219
64667.5781
20521.5684
48463.2305
155729.7344
185128.3906
108184.1641
125336.6172
56532.5703
7684.7871
115853.9297
83373.8359
138404.4375
126634.8906
210049.1094
35131.3867
158079.1094
100569.9219
55372.1328
183152.4531
186416.6094
16144.8096
123139.5703
145377.0000
34186.3164
181679.8594
161971.5000
41294.0469
182881.6094
111911.5625
176874.9375
92360.1562
176579.1562
197396.5000
140823.3906
117560.5234
167776.5312
34259.1953
28148.7676
9560.7402
41943.9844
144002.6875
92934.5781
180348.4219
55889.2148
88235.3203
731.4490
213968.3125
188805.2344
56103.5859
182372.3906
160473.4688
72248.3984
90763.5938
91102.1094
106434.7109
57695.0898
38325.2539
147728.7500
25828.3398
150236.8281
109855.3203
118188.5078
112067.6094
92503.4531
44263.5273
14879.7598
45531.6250
78522.7188
43028.5273
55092.3633
120466.7031
187031.2188
148026.9375
86066.7734
28172.0664
21513.8965
86798.2188
27392.0137
210319.1250
142901.8125
209764.4062
156044.2344
401.8372
85779.6328
32397.9844
106836.5469
143474.7188
39816.9453
169303.0625
6211.6953
149672.2656
72743.2031
118279.2969
27427.3633
117006.7344
133159.0469
72958.9922
195529.4531
176187.5781
128051.3516
101247.7891
148470.4375
61329.9258
187314.5625
176642.5156
82843.8203
59364.4141
204034.5156
78414.5938
202266.2344
199050.5625
19710.4688
202668.0625
70081.8281
52108.4531
94756.2422
213556.5625
122831.6953
134573.1875
168111.2500
129043.3828
69497.0938
26106.0938
32574.3203
96924.4531
143112.8125
165733.3750
169883.4375
123893.8984
127172.5938
83186.4219
10393.3311
60894.6758
144516.3594
197707.8906
22788.8184
12611.8115
42323.9414
12074.9746
91026.4062
29841.7988
211125.5312
110736.8672
17761.4922
66458.9922
162845.3281
112517.7344
65267.1875
70928.6562
32342.5605
18630.0820
199972.0312
101839.6562
44736.1719
17797.9902
198764.1094
187849.0000
183531.3594
153899.1875
96994.5312
95955.6016
22337.2500
107387.8672
156850.2812
166853.6094
90347.3906
179639.1094
179465.4219
132671.3281
191714.0781
55743.4570
162513.1406
188091.2344
166480.3281
180274.6250
39801.8750
114577.2891
78044.0000
105069.0625
185505.9375
110386.5625
123699.1484
170729.6094
212226.2188
168435.3125
188527.6094
196241.9531
141535.9531
157310.6094
135392.7812
23782.1191
38517.8477
157730.0156
131169.9844
195368.1250
109835.2656
6769.0142
160258.8594
74552.3203
139440.3594
137224.5625
130295.7734
87205.1250
110567.4375
82027.7344
52731.3906
150369.3125
196605.0156
130775.3828
40690.0156
167362.5938
26413.5840
164389.1562
123343.8359
23891.4316
118076.1094
97123.0703
5385.0254
44863.6953
39685.3164
140777.8125
68645.8125
78203.1641
83759.4688
199815.7969
58822.9180
193594.7344
206584.8125
4333.4126
53398.6875
131276.7969
141557.9844
183694.4688
3733.5601
37377.0547
50973.8320
56464.9453
187746.3750
32830.4883
187240.3281
13688.0205
200193.0781
213653.9062
178077.1875
108788.5547
22796.9863
81404.9297
205911.6250
28182.0137
126268.6172
30848.5762
168959.8281
194914.4375
109051.7344
37970.9219
179981.8750
167874.6562
16817.2930
171818.3125
172208.0625
70215.9844
88346.7578
99017.6797
39162.0781
92080.3203
136394.7344
90135.9062
148545.2656
109392.7422
122966.3984
121037.2344
123080.7656
108411.1094
119942.7969
86409.5781
2451.2996
142739.7812
167814.5000
208362.9375
170921.7969
79334.7656
24463.1406
125133.2500
59500.8398
133514.8750
163104.1719
24734.3477
86641.1641
179921.4531
196552.6719
44100.8711
35389.0703
70151.0625
143118.5469
74551.1484
162231.3906
64764.9219
164687.0469
96028.2812
174157.6719
72905.0859
2317.1528
82490.0703
181316.2031
122259.9453
168899.6406
183767.5000
50251.3555
121965.7891
177382.0469
6424.7832
201300.5469
201845.2031
131558.0312
46053.0234
120611.7109
79913.8203
70787.3750
207252.8750
45086.9180
52591.6719
36605.3828
80475.9922
122742.7344
179723.9219
155027.1406
70225.7500
29740.4922
104965.8359
166254.0312
203898.1562
177870.9219
168571.1875
71639.8594
144438.7500
76082.7656
25791.1367
113457.8828
126334.1172
147756.9219
76091.5781
132758.9062
134309.1094
63188.4102
49568.5664
180362.1250
183800.1094
129482.3906
36401.1367
176304.6250
174569.3125
88992.8047
212910.0156
40296.9375
211735.5469
177885.5938
195324.0781
67212.9297
207626.0938
85541.5469
18718.5957
196775.8750
48664.1055
187289.7812
53667.3711
193102.8594
48624.1758
79458.5078
91812.3750
174958.2969
12467.0635
167903.9531
92968.8281
146776.1719
16343.9922
142537.3906
112389.9375
200144.1094
57271.4297
148791.0625
161700.3750
17092.3750
23035.5156
159862.0312
57389.3125
20022.6953
122999.2578
37965.0273
87235.6250
115876.9688
123506.5703
105954.2188
97904.4844
172170.6719
78495.6328
151571.8594
150525.1719
127119.8047
16281.9980
27589.1777
87329.7422
28749.0625
195493.1250
180298.5781
175525.2344
211837.1250
108087.6172
73166.8047
197232.8594
165359.0469
7209.5054
144184.8906
182451.4219
30245.0215
89298.5469
25092.3594
50267.7148
212297.8125
63057.3906
137503.3281
113426.4062
186563.9688
28709.1934
211330.8906
143986.2812
107204.8281
148154.3750
79763.0859
19576.2715
164436.3750
107352.2656
106906.0156
193185.4531
88097.0234
72456.2266
153962.2969
85185.7734
180543.8281
12380.7451
67670.2734
131154.5156
19590.2520
211855.1562
98857.5625
49835.2734
86405.3359
123949.9141
100102.9922
83954.7734
187007.3125
22857.9629
197381.1875
158822.9062
51567.1602
193963.7188
88060.8203
158771.9844
127369.7266
167823.9062
178348.2656
77057.7500
60427.8086
70505.9062
55494.8281
148524.8281
142962.1250
209457.1406
18962.2422
108757.6094
7089.5215
86632.5156
25163.7461
26679.7734
83739.3047
124021.2969
76515.0469
170144.6406
33222.8594
176618.0312
39351.0508
5481.7998
199476.0000
21983.8691
164304.7031
36294.7891
1199.2173
37617.1602
195066.7812
128568.9453
205441.0625
158666.6562
205626.7031
51120.5078
14424.2080
46373.1719
199645.3438
157386.3438
41081.9453
3859.2185
51395.5742
48171.4688
90491.7344
76559.3203
74851.2422
174231.0469
200580.6250
151366.2812
129627.3125
19055.1172
113235.9531
168978.3750
24536.9160
97963.5938
190962.2344
188841.6250
134258.3750
192161.4531
11710.4180
114576.7969
105982.0391
2403.1208
58495.0898
96860.3750
53523.6328
72919.2969
143233.5469
38420.6094
15557.2705
184315.5000
42279.8242
66952.8438
17738.5938
132771.5625
143512.1719
92589.8359
92254.2344
129344.4219
29207.7559
7133.1855
148399.5469
142443.7188
176111.5469
172936.4531
25658.9355
152325.4219
147029.7031
159917.3125
129738.5078
158740.1406
59745.7344
20972.1758
161143.2500
118240.8281
117832.5469
214666.8750
191160.1250
46317.7305
38339.1250
206717.3906
15884.8594
80618.9453
58921.8750
33623.4531
213390.5000
202434.0312
126213.2891
90896.3750
117030.0938
155421.0469
98029.5625
50681.2656
83116.3906
59392.7500
8869.3564
108775.3359
211718.1719
155899.0781
53944.2812
126708.3125
99890.8281
113690.0078
147680.4844
46285.7148
17182.4746
50764.6719
46204.2305
208342.6094
97082.4062
84543.3516
200311.6250
112967.2578
165162.2969
44485.1367
146590.7188
163804.4375
32170.8105
58055.6406
39952.4531
149200.8906
213476.6875
137982.0156
199882.1562
81844.7109
197374.7656
208751.5312
190620.0469
194344.5781
149902.2188
29815.9590
106304.5156
35044.6914
143505.9688
39236.6328
81330.4062
160688.4531
90001.3047
127534.6328
154282.6875
187083.7188
212077.9844
139845.9375
85302.6016
162491.9219
184331.0781
17144.9590
111547.9922
1753.5251
75200.5938
151500.4531
150954.4375
73928.9141
74734.1094
136088.2344
155773.6250
57360.5039
130091.3906
131645.3125
36956.7148
65245.2461
161461.2656
143261.2188
100289.9375
90218.8750
182497.8594
181620.3438
36158.9570
57750.7969
94406.6172
190441.6406
30086.1406
91736.2344
115539.2109
115388.7500
39479.7969
85121.9297
132533.7031
151027.7812
86875.4609
207734.3125
87779.8750
23081.5215
66914.8594
162513.9844
159169.7500
7940.1240
5126.1289
74512.7734
139585.4375
42082.8398
139758.0156
86298.3359
185344.0625
25299.5957
176517.2031
153093.5625
206919.9375
212676.1562
210844.3594
86578.1953
188369.4375
26182.1367
178314.4375
89160.2891
141570.8750
3045.8633
174282.2344
59356.2305
154073.6562
46409.3203
52342.1680
27105.1738
69490.8438
119257.0234
189619.1562
13912.2275
127197.1484
194745.2969
88425.0000
52034.2227
22079.7656
13434.6572
138332.5625
207423.8281
38734.2539
100101.3984
145769.0312
30905.8301
98029.1875
141865.0312
117484.0156
71650.2656
168047.1562
81050.0938
160810.5469
94869.6797
84095.9531
120344.4062
154225.9062
23421.2461
166753.7344
206568.0781
50526.4180
21496.2070
111076.7344
25397.2168
35408.4336
23525.5234
5394.1416
123833.4375
75559.7422
27473.9062
137268.0938
213892.2969
20149.3770
176002.3438
99245.3281
165918.4062
206908.1719
197274.5156
93035.0625
109643.8438
54176.4141
46333.8516
190693.9219
238.6062
141203.5312
60041.5156
120583.0156
80681.0703
83462.7656
72588.3828
72500.7812
133989.1875
94084.5938
183577.5156
159386.3906
129493.0312
207103.0469
164780.5469
38578.0977
67914.4219
192254.4531
175846.1875
67058.3516
212403.8281
137100.1719
166303.6875
163573.8594
129259.9922
148829.8438
41860.5586
24155.4629
203006.2500
88194.4141
101.0247
203244.8594
14649.5791
60142.5391
109079.5156
95330.6484
143605.2969
181667.8906
167831.4375
62846.1250
61004.1211
136660.5781
7484.1567
190497.1562
129015.2734
172264.7031
14326.8848
196929.6875
149770.7812
190173.0781
49239.6719
147426.2344
112524.8906
794.9840
96251.7422
27036.5176
149624.8125
138112.3125
51191.9805
137882.7031
11558.3496
51293.0078
126379.2031
26207.9297
111435.5469
20710.3418
121538.5859
40292.4883
202378.2344
74621.6484
103138.6016
48633.9922
211282.2344
110622.7734
24382.7812
125549.1328
68139.0938
38709.6680
107730.4609
3161.5171
14134.3809
156970.1250
150587.7656
126659.2734
157765.1094
32091.1367
153695.7969
92641.5625
170203.4375
204887.7656
15775.9004
181761.7969
41432.4141
142155.0938
207969.7188
152867.9688
162865.4375
114759.9375
193160.4531
150495.3125
189381.5781
81550.6953
199129.3125
185915.4531
192173.4531
8763.7227
96716.2188
45564.1914
47473.3906
204446.6719
48725.7070
61607.7695
146668.4219
199313.4688
188267.0469
89685.1797
16656.2402
127214.4766
182326.7500
186859.6719
117353.8828
198102.6406
153873.0938
158786.2969
125509.3750
147094.4531
96905.8984
73626.4453
47106.0156
75317.9844
9373.3936
21739.2324
156868.6719
208502.7031
207654.6875
134293.7656
2518.0591
89622.5391
179857.9531
49991.4453
79320.8438
13835.3105
111599.2188
11240.9170
213148.7812
85117.8906
100926.0938
15056.6562
212332.3594
68504.4688
201916.3438
114937.8828
51858.7461
141041.0625
58975.8203
177368.1094
73387.1562
155881.7188
36246.1992
120493.1719
16451.3379
45619.5898
142232.4062
173320.0156
39373.9258
135138.7188
92865.4219
41891.9883
10012.8955
57975.0195
91883.4375
89333.7422
71810.3281
203482.6562
100574.6641
70210.7422
73852.1797
201500.7500
85267.3984
71436.1875
55256.8594
72435.3750
186374.0625
107115.6016
213476.4375
30601.5234
69735.3516
72115.2266
186483.2344
105981.5469
192608.3906
202934.5781
151601.1406
120092.4453
161506.2344
190975.0625
40482.7930
39623.2812
18118.6914
50495.6914
97598.3047
110002.1250
139829.4219
169408.6406
98736.4062
25655.7285
24871.0195
172588.5938
12408.1172
110138.4219
29276.4102
67664.9766
182573.7812
902.1140
174780.5781
181301.8594
31503.6348
29767.5684
38668.7266
3238.5117
135749.1250
16528.7598
206173.0938
72601.8984
136621.2031
152930.9531
48828.6055
177103.9844
192554.2344
66947.2969
12851.3184
75404.1797
176949.4219
152680.7500
30064.4512
60937.4648
178336.4688
54935.4688
18777.6953
190744.6094
165073.8906
48054.1055
43661.2070
132899.3125
48956.2188
3693.4209
99452.8203
80459.8516
33460.9883
138121.5469
83698.3672
169210.1094
154650.2969
75123.0938
27063.6406
76523.1328
13305.6787
75892.2500
38878.7656
205859.9219
142839.5469
51730.0820
66515.7344
105040.5938
204410.8281
96580.1797
165978.0625
167998.9531
151515.6406
184755.7656
143995.1719
101841.1797
18061.5000
187656.3906
19992.1309
67017.7188
191349.8125
119444.9531
147477.5625
10062.4297
42818.1250
16427.5762
179272.5312
197468.4219
91550.6719
206336.1719
59243.1992
104856.3438
67480.0625
98121.9609
95967.8984
210319.6094
149852.0469
162483.6250
100611.8438
139514.5156
44315.4414
51841.5391
92765.0938
195831.0938
21848.9316
22011.9102
82923.9141
39910.4336
209668.2812
102916.0391
106928.1484
186269.7344
7612.6206
39657.3555
196332.1562
50430.7461
56084.9336
160856.3281
33150.8086
147635.5938
152444.1562
92394.0078
37743.5859
5175.8560
190515.9688
133711.4688
747.0976
125619.6484
81446.7422
101358.9375
50385.8008
125762.1875
153200.4688
143150.9062
106844.9141
175049.4062
165162.8125
189768.8125
211.4725
160082.7344
77936.4922
107139.6250
131604.1094
85549.1172
146796.9844
113187.9062
135979.8594
202881.9219
59295.8867
169130.6719
135769.1562
211740.0469
46776.3125
173512.7344
2167.5300
22543.9219
92475.8516
2914.6277
148163.5781
173922.5781
104273.5625
198549.3750
84936.4062
42725.6719
126951.9141
191781.3281
3026.7151
77366.3594
166801.7812
3238.1875
22700.7324
29989.9062
110377.8047
154304.8438
115539.0234
42426.4258
52744.3867
36770.5195
30559.9746
112040.2656
205901.1875
166329.1250
109031.9375
37929.1406
125093.4922
111199.4766
60473.0625
2820.9805
114114.1016
208636.6406
176743.5781
3639.2981
192437.6562
46931.6172
46364.9727
104641.1953
23964.5742
49391.6875
182007.5469
190766.3438
52629.8750
204708.2812
6007.8931
163007.6875
144264.7656
121546.9219
205434.1094
197009.1562
158317.4375
21245.7188
94301.0547
149470.2656
187574.8438
203333.0000
187399.3906
97919.9766
99784.1094
33124.0977
100740.9531
213898.2031
27012.3711
62736.1602
2789.1384
4701.6562
109667.7734
49154.1094
109342.8594
133632.3438
98545.7969
76602.0469
109650.3438
151175.6719
66561.9766
115658.2266
99434.9922
210826.7500
22456.7812
90120.7344
193087.5469
180774.2188
111366.4531
72640.2266
115496.1172
84192.9297
61224.8633
88147.1406
182112.9062
161008.9688
121271.2422
68105.5000
160158.8125
148283.6094
130841.6484
162947.9375
152985.2656
25761.0684
212102.0469
47579.7617
159393.4219
95899.4844
124181.8125
54295.3906
32326.7969
190743.7812
169953.6250
131761.7969
186822.1719
192410.4062
7134.1577
165161.3281
158436.2656
118500.6094
23053.2012
59184.0000
202693.5469
84278.0703
147331.1562
170058.0938
30538.6719
53854.0234
23415.2109
190697.4844
202137.6250
154256.8750
138897.0625
140374.5312
180017.9375
136250.7656
187954.2969
124662.9922
17401.8848
97387.7344
178958.3906
49728.6797
73383.1562
134163.6406
181490.4688
45456.9570
111825.6875
188624.6250
210618.2969
55513.5742
92376.8672
18923.1328
114697.5781
80322.0469
103201.1953
47280.3594
35631.7656
133739.8594
101134.3828
59046.9766
109688.9844
88523.6484
213303.8438
33837.6875
14149.8164
178573.4219
170088.4531
202104.1094
88488.0391
187490.3281
84743.4844
52698.0625
22470.6445
158126.6250
186861.7031
203961.1094
203583.5938
83939.0234
177837.3750
199453.5156
139452.6094
55465.8867
3628.2903
39401.8164
135787.9375
106829.4922
86682.1797
171419.7031
25820.9922
187816.5469
15718.3164
135509.9844
61591.8320
14273.7969
169347.6562
75741.6484
192847.2031
124687.7422
63097.3945
66586.8828
97429.7109
147840.8750
119284.9531
119900.3516
91219.1406
91398.2891
109113.1016
80054.3750
175337.3125
72202.1172
64759.5312
100041.5547
127668.0078
68387.8203
139443.3594
48707.5781
175217.3125
11377.1816
5378.9150
201038.2969
199193.7344
21097.2324
121799.9141
46037.2109
35371.0273
76399.2109
121778.8516
13469.8740
201086.9688
184876.2656
80056.7578
83768.3047
117968.7656
199341.7031
203668.6406
209187.9219
75991.6328
98033.3906
74493.9219
36580.5859
170235.5000
139253.4531
136622.1406
83155.1406
207641.2656
61317.1445
131862.7188
168110.2188
72694.3281
137241.6406
154400.1562
57139.6992
158338.8750
61451.7070
103176.9062
193709.8906
137850.9219
10207.4053
207179.7656
124189.5156
195083.6562
72488.1641
207957.8125
98304.0625
57081.5117
196878.1094
92743.6094
133073.1562
80163.1250
167237.5312
169653.7344
35650.2617
91742.6094
91527.5078
118805.3984
84635.5234
152844.6562
35919.7617
37997.3711
10790.6191
173161.3906
192397.5312
67930.3203
116751.8984
39100.8711
171107.2188
95713.4297
176951.7969
181314.6406
88144.8281
86392.9375
161649.9375
160633.0000
79602.3906
45205.6250
2966.1392
61732.1289
137949.2344
136039.2812
141895.2500
90438.3906
90944.6562
177545.5156
182181.0000
182472.1719
81602.5547
52068.1602
120568.4609
117522.3203
90065.5391
131359.0781
75935.3438
67714.6953
199289.3906
192687.2500
106815.5625
155648.2500
73652.3047
69018.9922
122214.5312
161797.1250
155411.9375
69116.0859
107681.7500
20265.9629
114321.7188
110647.8984
81998.0938
37522.5742
31938.8184
9144.9756
127960.9766
122883.4688
186690.4844
95393.6094
90607.2734
53544.6797
147461.7656
211175.7344
171067.0000
22778.9434
127786.4297
32253.9746
90493.6406
112327.4609
10192.8525
197309.2031
53227.3555
83845.1484
51579.8320
175441.8750
30893.9199
206991.7656
29809.5996
138575.6875
12509.3701
144131.2969
34475.2109
94507.4609
181653.8906
66414.0312
103652.4375
94866.4922
189297.5156
75594.5625
190260.1094
65156.4102
129139.2422
122973.5156
61583.7773
85457.8672
145752.4531
189370.2188
117711.8438
21497.7305
86949.3125
127904.6875
4058.5703
140176.6719
211749.8438
55638.4062
100870.1797
27895.4082
47881.8125
130679.7812
166471.0938
60391.1797
60062.7188
200946.2969
154898.6562
26968.2441
52611.9609
43802.7188
121834.7422
27161.1016
119397.2734
97346.4688
92317.5156
33788.1523
5571.6216
153901.2812
119246.0156
151324.0781
128523.1328
22209.5000
172821.8125
724.0840
150114.2031
176880.3906
140900.7500
147115.6875
17770.4180
27022.5664
175011.0781
65652.2266
157702.3438
126733.8125
126043.4141
3016.7036
112931.7500
66193.6875
29984.9473
165543.7031
109996.4062
151819.6875
192704.8125
14645.3232
34417.7891
70273.9609
48433.4766
39989.4102
9426.8848
167679.5000
191313.4844
137950.0156
189889.0000
149386.9375
138674.1094
125254.8359
111518.9531
64826.4883
57622.1523
129289.3594
91849.0547
17884.8770
194941.5938
34803.0391
144618.6875
106236.6406
37819.7422
42802.0703
172430.3438
67804.6875
208345.7812
67678.3828
4876.0063
186302.2188
82323.6953
39293.7969
41827.8164
130757.1719
79283.2031
51254.6992
83688.3125
55848.3320
189204.7188
58828.9453
205235.2656
113130.4609
184083.7812
102005.8438
177956.9531
26957.5645
16546.8418
55057.6523
44842.4453
211488.4375
89860.6875
189461.1250
102976.7109
127680.4375
17514.8359
60658.6797
195485.1250
11112.2490
128337.0625
200361.1250
197414.4688
210660.7656
24906.5625
24493.9219
126669.5703
104189.7734
75748.6172
210357.8906
160038.1094
50204.9805
54438.4648
150525.0000
163335.4531
23773.8809
37782.4805
126544.0391
50731.4453
54329.3242
181601.6875
95573.8906
51069.3906
56714.0078
70286.6562
154046.1094
184394.4375
87801.5000
214704.7812
165131.2031
98913.7422
128293.4766
150743.9688
81579.8438
124205.8750
175650.5156
106073.7734
36127.0820
65091.9297
181822.3906
31736.6016
10381.6699
17279.0078
86175.0703
160906.6719
180614.4531
109948.9531
198689.1562
92410.1172
160680.3906
38270.1133
59263.4375
41505.9219
89339.5078
115977.4453
111792.5781
28637.2441
85623.5234
199594.0781
28593.6641
36006.3633
83759.4531
156887.1406
186750.3281
165339.2969
66344.6562
147652.5000
56664.7109
102471.7344
212744.4219
23738.7363
134208.3438
8377.7275
41017.7422
5635.0430
169284.4062
6883.8296
115583.9844
153225.1875
99293.9531
61516.0273
191495.2969
158557.3906
103021.9453
66086.4375
59786.4688
66.1616
94723.6875
145410.0000
199660.2344
123317.3516
181416.3594
68671.3281
65456.1289
153418.3281
19262.2656
131800.7812
86322.4531
75926.9766
19524.1543
84318.5078
99665.7188
153732.5000
92696.2344
140683.4531
159367.5469
47232.2734
147567.2812
60203.1680
200457.4531
32112.8711
121719.1953
177204.4062
190670.2656
9992.7725
28542.4727
35708.3672
10058.9336
123266.1641
181118.3594
209719.1719
31835.1465
147786.3750
63642.1328
97291.2734
86456.3281
82904.3984
14343.6914
172778.7812
158831.3750
33867.8477
42348.9180
43748.7227
187600.3438
135045.1562
184432.1719
132219.5156
182277.4219
117251.0938
192422.6875
167986.5156
149363.9688
99393.5078
130442.5625
125285.8594
109386.2812
158985.0312
160994.2344
119445.2109
67502.8281
127364.2344
114416.0156
99337.9688
60402.2344
178058.1562
196629.2500
146858.5625
46214.1875
210972.9375
104888.9688
205045.5625
30092.4199
147237.8906
34045.9180
2944.3960
67534.6719
3729.7295
135163.9062
35063.7383
120980.8281
112838.2188
203050.2656
55596.4336
212231.7344
118744.4609
180882.2969
106869.6484
62981.1250
127128.1641
11566.4932
130483.9531
39744.0391
125982.5156
15073.5615
100146.2734
89292.3047
211702.8125
32256.4668
135506.4844
207927.3750
137145.4375
125803.6719
23271.4336
69634.9531
159849.5938
26215.8281
137169.6250
163579.3281
161379.7344
172233.3750
69811.7891
59469.6016
160535.2656
125408.2266
56952.9648
64531.3594
91542.1562
163822.6250
127512.4844
3921.9617
175389.1094
43248.0781
43666.0000
86623.2578
58321.6367
143812.2812
175915.5625
55276.0781
176068.7344
96673.6797
48455.0938
98465.8047
7728.9897
71726.5312
168100.7656
167578.5781
97942.3516
90522.0234
116409.5469
44573.7305
48007.0234
186221.3438
104043.3359
208542.2812
96881.1953
160996.2969
58325.2852
188423.3594
110070.5547
185837.7656
192345.3125
70711.2969
14337.4883
21262.9512
157334.5469
72659.1250
165075.2188
118501.7500
127935.2031
126395.5938
427.0530
176390.2969
10113.0400
8156.0430
33368.4609
178213.7969
175734.6250
131310.8281
53987.4570
77395.8125
175884.5469
101994.4766
48868.7891
65179.5117
95788.4062
145749.9844
11427.4531
154113.6875
119424.9766
121498.0078
125203.0938
97021.9297
192209.3125
139540.5938
118284.8750
134795.5000
212199.7188
68611.7344
38548.8672
125386.5625
195007.3281
38975.9219
87028.4922
205120.3906
47131.9609
120396.9531
168585.8125
8118.2266
36959.4062
7824.9058
85514.0391
212843.9531
109819.3828
134382.8281
63275.1094
205607.7969
65384.4414
74702.5625
144973.1250
184809.4219
196200.5625
55427.8516
67082.9844
173661.5000
194968.4531
185367.8594
93708.6250
192419.7969
39231.2344
132257.4844
103057.9922
19490.2109
171233.4062
190086.4844
9862.2275
3617.0076
95735.0625
178448.0312
11735.2344
132694.4844
186272.9531
97249.2734
130790.0703
81343.9688
16883.7324
194065.1719
72203.3906
82268.1719
54019.3711
2428.1445
52329.2305
35471.5703
57856.0000
119412.2109
209133.0625
38076.0781
90031.7031
88093.3281
15747.5107
129262.9375
5602.4590
118805.4922
148753.1562
176835.8594
94143.6094
158615.3750
180452.8750
189878.6875
122315.0625
192188.1094
107824.7969
93839.6328
74689.0156
23866.4902
175183.6094
91572.7500
3183.3005
32638.6309
173840.9219
57202.6680
35066.7734
11421.7900
92674.2422
92922.7734
130834.0000
87058.9531
130998.8516
6117.3359
175152.2812
146746.3750
135380.2812
180754.7344
50803.4961
69385.0625
142842.2500
144947.1094
13252.0732
108546.7656
120077.4297
135567.1250
85986.5000
13153.8477
14658.3984
160675.5156
37020.3398
189842.0000
37499.9102
40203.6367
7732.2666
211340.8438
97406.3125
42799.0391
8014.2632
190080.5469
135721.8125
138848.2500
62391.1367
51972.3008
144965.5938
22795.0566
198718.6719
65597.5078
203549.7969
34773.7969
134982.5625
131643.6719
179720.9062
148234.6562
25442.0742
85049.9609
69053.4062
111428.5859
98203.8047
83711.8047
57355.7383
135224.1406
58805.4414
94855.6484
175427.7812
66537.7109
91448.1250
58085.7266
109336.7578
99462.3906
33417.9180
30310.1992
23562.2832
95809.0547
82282.5000
168527.8906
118604.1094
66252.7969
19377.0234
107405.5391
101026.6016
154359.5938
24300.8613
65999.1328
87845.8672
49742.9336
151049.0938
156899.2812
161171.5000
34504.5391
25862.7188
3778.8877
169728.6719
84668.1562
98634.5391
130408.1016
151205.8750
190082.6562
188493.8438
45794.2539
74796.6875
7163.3887
76104.4531
98358.9688
102972.4453
158386.9531
52138.4883
6828.1919
9891.3916
71515.5078
114233.7422
110917.9922
11126.7373
138534.5938
176917.1250
98972.6094
188277.5312
113217.8594
41123.5234
134700.6875
147722.3906
66986.2422
138479.5625
102702.7109
151654.4062
22365.7422
18362.4512
88111.9141
212448.4062
206856.2812
133906.1562
72496.7266
214019.6719
210010.6094
170855.6875
102243.7578
153649.2031
8245.8135
109071.9453
163540.5938
79761.3281
8557.3203
59710.2227
90888.0625
147091.9219
21878.9785
189860.6719
120621.0781
135096.8281
16235.8301
40573.4023
68070.8594
83222.0703
179052.9688
170773.5625
20128.1113
201418.7188
189136.0312
108240.0156
199118.7656
181243.9375
27397.8184
56867.1094
180515.2656
22660.0664
12974.4414
68010.6484
176309.2812
21220.2539
177082.5938
125101.5078
100981.5781
185639.9062
184811.7188
191869.6406
117983.4766
206690.7031
166981.9531
23856.1914
127039.1719
183217.7812
64429.5938
195110.0312
51691.4805
28734.2012
151135.2344
71819.5938
15404.5508
125522.8906
180059.6094
214523.2969
92018.4766
207457.4375
56642.0547
57785.3711
15369.1309
69616.4922
125796.0156
191678.4062
90836.7500
88130.2500
102031.5391
191818.3281
59021.8047
72094.8984
168939.5938
177005.2812
64037.2344
121173.1875
200861.4688
191076.4062
89642.5938
50542.6992
171438.0625
141334.0781
79276.8984
107824.9453
213153.6562
94681.4531
18599.4746
178464.9219
94456.3906
110617.9609
171173.9844
151098.4375
168403.3281
186543.1094
5966.5703
79450.9844
163473.1562
96803.3203
167581.2344
50756.3281
73873.2812
11854.6738
122851.2266
28064.5176
188859.9375
186888.4531
149237.7031
174973.0625
163216.5156
24131.9297
10767.3828
119906.2109
165466.0156
90044.2812
12982.7900
163871.3125
184725.7344
31582.2656
127587.8672
64433.7617
142200.2188
84013.4844
783.8341
95855.1797
55808.2383
6750.4048
175306.1562
4533.0229
103553.7188
128139.0312
55289.3555
177427.0156
139993.7031
178140.5781
205491.5156
114105.2891
150280.6875
139980.8594
74329.9766
98748.8281
164112.7969
85097.3594
3906.6768
114830.4375
175141.6406
16889.4668
63953.3828
145119.0156
48471.7305
191541.2500
209552.7656
190671.9531
60806.3672
210336.6094
71778.7656
116614.6016
2338.6411
32336.5664
121147.6250
105892.3672
160475.5938
176436.9844
68571.0078
85720.9375
139829.2031
59314.1641
199826.2344
75361.5156
199295.0312
59407.8477
174110.3438
148659.4531
144505.2031
178017.0312
48741.5156
104898.4844
194906.5000
112694.8984
35269.1250
28629.8594
89487.7734
30073.5293
4553.4448
150294.1406
25661.7656
76332.2109
52160.3789
28000.4062
108668.7734
173308.0000
133892.7812
54396.0117
134996.6094
202463.7812
140116.9531
60077.4414
47029.5781
125194.8125
135438.9531
31576.2363
184602.6562
94800.9375
180235.6875
114359.5000
58069.6016
14228.8398
4509.6201
38227.7227
126923.7344
39778.7461
66857.5781
1663.1508
69852.2734
71411.0234
151957.2969
95514.0391
147743.2344
204117.6719
123514.4453
41663.6523
162677.3125
42658.8555
96059.6641
82925.5469
30374.2656
21428.2520
143003.0000
77403.8438
146623.0781
63693.5820
108980.0859
116477.3750
158494.5156
74467.3984
16088.5117
1815.7532
88696.2344
20598.1328
40043.4766
871.6103
60376.8750
106901.0547
2534.7612
130229.1562
178312.0781
154492.0625
10994.8301
111306.9531
143861.3594
134509.2812
152970.6094
91790.3047
177168.1250
34281.9062
174715.8594
207542.4062
55710.1562
102970.4766
70197.8672
202333.2344
166664.0625
179177.9531
104062.2422
110410.2109
38896.9805
120150.7578
112225.9688
127593.2188
140748.8906
152269.4531
128464.8281
201125.7656
44422.1367
130999.5938
116606.5547
7985.8560
70743.2812
127601.3828
119292.8125
214604.6406
47362.2969
57515.0547
91646.5859
9782.0605
91796.9609
51614.0742
2576.0908
147507.1250
154584.5469
72773.9609
135091.9844
106500.2500
37203.5469
24405.8633
2162.1003
76100.5312
144556.6250
114388.0703
203693.7500
70557.1328
51909.1523
117410.2109
56934.5352
96331.2891
33661.4414
173541.0938
104317.1484
104404.7266
86394.1094
8861.5947
104261.0078
133756.4062
66376.6484
195907.5781
143538.4688
158173.6094
32773.2969
146114.5625
90932.3672
187357.8438
4140.1538
11275.9844
79109.7344
41343.6992
35681.8477
81271.8359
117444.2266
180238.4688
195659.9062
106389.6094
36047.2305
32820.6914
9051.4619
92981.7656
129151.9844
42712.9062
51774.4922
18720.7656
147117.6250
138168.6094
27582.3594
36630.2734
57176.6406
93959.0078
17789.4961
200715.1094
37384.2539
50562.7891
132081.2969
128316.6172
23172.2754
136221.4531
139592.6094
102282.0078
177565.1406
175274.4375
183553.8438
80261.0078
140764.5469
164465.3750
186650.6250
176811.7812
197286.0625
195702.0938
55045.1758
111689.6875
23666.6270
106819.6641
130410.4453
170784.2500
30239.9043
157992.8125
207414.5312
87416.5469
37203.4570
10455.6592
73383.2812
74587.7031
61018.4531
205464.5781
202904.3125
84190.7266
126937.6641
127748.5547
186472.7344
89754.4609
88274.6406
155278.2031
170015.4688
14290.8164
104995.2188
141917.7188
191102.5938
87532.9219
122871.4531
31399.4023
199222.6094
146538.0781
138219.0781
114884.6953
102573.9688
168458.9688
58129.1406
95240.1328
41127.1523
95332.5938
105695.7969
114510.4375
169920.3125
166714.2344
105226.6562
158076.2656
36156.6055
17415.9590
71076.4531
7880.9736
107170.4141
159351.0938
163159.1875
62437.5156
173641.9062
53406.0391
204355.2500
149996.1406
140938.9531
112478.3359
181395.5312
125413.2109
44268.0430
104866.2422
25549.5352
146842.0156
58576.8516
83678.6719
27333.7832
99704.0078
179011.2656
133029.5781
214214.4375
134183.2031
84995.4531
104692.7266
77511.1016
121152.0625
122108.6875
148587.5625
129033.0391
14530.7393
93190.2812
77443.8438
76968.2578
52083.8281
130849.8828
66575.1328
202079.9688
57040.4805
179053.4688
168727.1250
182453.6875
8573.1455
58845.0117
208003.2188
155415.1562
117421.8594
76933.5312
182748.9375
2377.5027
41196.4336
101030.1484
1843.5792
175379.6406
186025.5938
106536.3125
38142.3789
92429.2969
13896.6367
186729.9375
6713.9648
28427.3770
65171.8516
84157.8125
105395.6328
117255.6797
259.3352
171970.7656
104587.2812
57299.8203
136275.8594
58566.0547
25005.1406
144849.0156
117411.0625
18259.9980
85515.8047
20084.5645
95193.5312
53516.3867
22462.0664
136389.9688
154546.5312
24305.6465
97021.2422
125823.7812
130841.9609
135163.6250
3504.7097
144738.5938
107145.1875
10218.6748
173165.9688
172317.0469
94376.4844
63813.2344
74824.3672
94635.8203
21035.6426
179411.6406
151935.6406
157311.5156
23229.3320
176940.7812
87412.1641
140640.3906
195200.7812
172927.9688
160724.9688
75645.9453
11696.0000
183187.0312
212035.9219
166242.5312
207492.6719
94308.7891
77317.9531
123586.2656
14724.0479
80822.6562
53576.4961
121869.2344
91041.3281
11994.1025
79437.9219
185417.8125
75807.3438
154262.2812
65305.2812
96842.9844
118925.5703
2492.5557
39406.1328
142154.8906
179433.3281
126818.3047
68046.9219
159885.7500
84997.9141
14023.5234
20783.3320
96693.9141
197210.5469
18070.8770
48188.0859
189954.8750
112379.6719
125506.0391
98792.7578
127103.7188
206328.6875
152369.2656
34224.5938
82621.6641
164363.3594
113662.5156
53291.1172
25422.3398
53176.4336
118596.4062
122265.3203
172101.9844
121088.9453
161671.4531
99508.5234
85773.9297
73741.3906
167555.4531
30911.3125
158739.2969
181578.9688
51694.6445
40684.8516
164041.1719
69765.5156
88872.9375
139247.6562
182145.1875
214378.9688
23292.0566
94500.5391
205959.2969
175661.3125
128725.1328
73832.5938
125276.3125
27639.2773
127123.7109
150698.6562
80815.7031
30971.7441
58215.6172
38169.3359
152060.7031
5138.7041
137677.8594
23086.2559
78880.0938
90484.9453
53997.5664
22871.0312
57315.5586
105692.2109
63555.8867
6608.3540
175457.7344
152428.8125
145856.0156
142854.5469
152059.4219
169148.0781
22606.7246
143270.3594
130061.0156
151331.8594
2354.5857
40588.9727
178971.1250
129478.2969
191287.6250
45038.4727
160450.0469
34754.8750
83207.8047
97762.3750
39893.5820
6137.3091
120848.6250
118773.6719
96622.2578
174846.1875
141644.7031
153937.8125
65790.0391
205200.5938
160546.1719
26499.4082
142881.0469
91653.8203
169353.9531
80192.1016
46053.5234
191960.6875
8714.0947
176114.5469
128544.1797
11068.6797
1955.1528
92766.9375
140546.9844
193242.7812
137805.4219
86248.6562
13249.2959
6264.8574
184011.0312
53142.8789
12402.1660
90111.2969
171916.5625
109024.4219
50209.1289
98812.9062
48213.8789
115999.1719
89265.1250
208760.0469
142498.5781
17397.8066
85665.5078
97104.1797
97589.9062
131719.0312
74316.5000
106304.0078
93085.2031
202860.6719
117372.6875
95040.3594
80879.2422
43171.3008
73534.7734
3936.2908
129419.9531
86784.0703
10201.1484
98682.6172
139926.9531
22603.3145
188793.9219
97095.1328
131627.7344
24254.6797
195908.0312
179841.6094
140253.8438
70424.7969
173853.2969
68004.0703
87822.6016
44770.4375
165108.2500
185412.5156
176489.4531
24676.3828
76968.1562
54826.2969
12788.6895
194340.8438
149866.6562
93667.9375
22763.7734
8653.0635
97604.2266
152183.7344
95437.1328
107805.3750
36117.9805
20615.7168
130408.6875
10163.5322
117710.8594
47288.0625
34418.2109
98870.5312
12381.3135
174672.0625
169295.3281
186234.6094
27927.7734
42369.5703
16256.6865
193036.0156
13033.7217
192746.1562
2964.0415
90001.8750
32824.0820
15752.7314
69594.3516
182690.7344
109420.6562
92358.1250
191343.7969
207024.8906
29793.4883
72032.5703
100081.8984
65911.4688
92648.2812
15742.2207
76075.0000
210359.1406
63030.2852
110493.2109
94481.3047
75411.5938
70416.9141
49028.2656
46897.8477
98344.6875
91397.8359
63154.5352
76632.3516
104431.5547
41152.3164
79596.3906
194433.4375
73976.3984
95349.1172
49279.4258
41918.7695
204769.7969
141637.5625
18514.2070
197046.3125
171431.0469
90546.7734
82379.8438
22594.1465
183195.0625
98122.0703
98669.1484
178805.8438
161152.3438
209162.3750
58538.7695
21815.5840
64830.9102
107567.0391
68713.4297
163175.6094
198964.8750
131867.9688
25059.5879
88648.0625
173020.2812
104655.9844
68333.1328
32248.3145
200005.1094
117612.5547
74167.0859
190026.5156
44501.7422
92681.2891
172324.4688
1184.4167
183228.0781
39955.9531
23778.5625
151674.7500
138078.0156
122447.7031
115732.2266
84482.0078
116861.7109
174270.9844
106297.5938
181692.6250
67089.6641
175011.0156
130119.8594
51306.1719
92130.6172
155179.4531
139954.2344
50402.5352
45087.0664
208287.3750
82650.8516
30343.8047
111151.5625
156817.9375
5621.9619
155653.3125
34750.8594
177946.4375
156837.7188
3230.5620
3154.0212
180616.2812
154905.3125
141232.0312
88315.6328
55889.1758
10965.6846
205177.3438
15411.8096
117263.2734
172121.5938
82501.4766
77525.9297
87493.0938
133807.6562
169656.5469
27924.1816
59013.5234
5310.7207
73011.2500
52552.5312
87961.5703
103355.0547
163704.1094
30031.1426
108977.0078
104609.0469
64782.0039
72175.0859
46698.4023
68012.5625
75329.1094
12566.3252
8169.5200
1812.7819
100881.9609
64058.6992
12778.4668
91310.9297
79470.5078
130041.7422
48684.1680
161971.9844
207567.6719
136177.2500
81031.2734
162475.8594
164101.4375
140044.7969
167786.5781
22364.3262
192597.3281
40999.7852
125719.3828
141553.0625
71030.9219
19948.0293
31413.7402
135812.9219
92123.1094
78112.1406
203825.5000
167452.2188
90678.4688
211995.0156
169265.0000
191560.4219
61305.3516
182043.4688
68122.9922
140775.8594
97336.8438
116807.1562
87999.4844
90156.1484
38236.0547
169030.7656
37883.6445
202337.5000
94327.1875
205670.2188
9953.4580
72176.1484
31921.6445
135672.8281
213729.2031
102952.5703
155620.8594
30394.5820
24017.1348
32995.6172
108506.7266
13094.2637
200447.8281
199185.1875
10340.9121
154964.4688
175997.2656
71646.2578
122259.5703
29371.8848
212422.1250
4848.0449
146179.0469
85673.2344
95004.1953
184415.1094
39955.6250
132887.8281
172004.2344
134282.8125
123809.7031
181957.7031
206458.9531
155731.3438
102882.1641
205439.7969
43935.5469
43754.6641
21086.0195
67952.6797
76750.2812
129592.7422
81046.9453
62449.7461
114029.5781
91387.8516
2665.8501
75278.4688
163034.1094
124925.4141
104650.3516
160707.8750
129773.4688
36081.0352
31632.7461
10029.2920
5747.7690
71588.3750
142917.1250
177752.0000
205871.1875
51978.4648
144961.3281
197581.7656
207709.7969
33095.1250
188273.2188
36896.9844
76849.7891
209359.2344
104849.6641
153600.0625
124203.6094
185896.6094
1301.4534
23484.8223
62536.0977
3967.3032
98763.2891
10821.8496
128892.7266
203413.6406
171529.7344
43917.8164
24746.3125
203162.4688
53947.1094
30494.0801
60002.4766
196864.2500
208246.0781
51125.2891
34094.3398
138459.0469
33958.6992
27055.7754
171554.1562
7483.5454
63952.7617
33655.5938
2094.4109
168802.4375
187255.6719
126298.0234
139950.6719
188557.1250
149782.8438
202486.7656
192524.4219
33797.7695
213308.6250
106668.7734
22463.0469
170089.9688
150586.5938
47209.3555
158504.0781
204533.7031
77703.4375
3758.1875
186649.5781
71201.1562
54883.4805
5995.5518
209660.2031
88842.1797
33051.3281
166466.0000
96325.7188
97004.0859
200121.5938
98420.1328
51058.1523
172628.8906
9969.7920
191008.8125
146437.6406
159752.6406
178747.2188
124213.6953
193550.4062
177307.4844
16134.1104
1265.0861
132649.0938
166720.7031
48474.4453
76404.7969
156506.0469
126177.8828
80162.9922
128407.2578
197379.0469
135046.4688
134402.7969
192290.8750
9140.2812
167454.1250
144008.5156
105466.0000
49709.8633
129381.7500
203886.1406
100768.0156
87262.2734
213855.9375
77028.4766
18951.5527
158860.2031
41027.3359
143165.2500
137662.2500
3586.4475
159299.3594
138927.3281
136235.5312
111271.7031
187401.7812
212640.3281
53029.3828
98831.2891
78054.9609
181436.6406
81461.9609
213101.4219
101091.0781
59004.4805
7493.3447
53796.8516
203012.9844
112959.3438
103506.7109
117646.3750
102097.1250
204274.7188
204908.6406
101204.6875
66554.8438
9111.8340
45316.5273
107582.1719
152277.0781
182978.7812
111168.6172
96828.0859
107157.7344
32655.7930
208099.7812
79811.1406
30547.7637
46380.8047
178642.4375
108602.7266
13069.0811
45356.0391
106955.7891
114160.1641
104360.5156
114449.1406
167957.0156
92625.1484
12660.1182
56715.3594
210271.5156
114757.2500
46241.7266
200431.7969
1213.5699
112796.5703
209543.6250
46530.0977
5630.3750
147072.3438
14760.5059
116799.0000
29152.0703
121918.2500
149454.7812
22503.4980
201729.3750
180002.5469
68884.3047
165623.4531
73856.9062
81953.3906
210979.5000
180812.7031
196113.5469
100591.6484
80513.4688
149322.2031
193216.7969
93173.5859
206037.5625
188739.9375
207930.8281
37530.9219
174423.3750
209144.3906
150327.4844
169218.6406
40926.1328
155957.8594
101542.6172
55686.6445
58008.5000
130694.6797
177604.8750
207463.2812
153198.1875
164585.9062
172717.4688
7334.1255
115460.9922
31826.0156
89287.5156
111692.1250
212638.7188
70652.6953
212283.7656
78403.8203
5226.5264
190752.1875
171577.4062
211264.0938
164743.7656
164759.8750
34046.6445
124418.7656
159155.9219
184374.1250
78889.0391
200082.0469
125583.6250
180431.6562
41020.3242
183592.1250
96377.9688
3876.8420
176307.0469
34827.7969
168462.7500
134276.1562
42161.9219
69175.3750
166102.1719
131449.4375
180867.5000
163992.5312
202102.1250
178402.9062
27647.9844
207328.6562
154406.7344
199225.3906
203844.3750
104402.1328
149236.9062
23142.6523
14072.5332
93644.4531
207516.7812
92961.5703
78978.1328
118352.0547
58644.8594
119998.4609
87195.8203
155022.8281
123875.3047
48754.5078
189850.6250
77589.6797
183030.6719
17264.1758
146765.0625
134384.4688
148713.6094
112884.1875
83628.6406
136067.3594
76538.7188
111276.6172
128647.6562
16197.0859
95753.6484
117743.6641
120599.2188
30242.1895
140886.3281
134671.7500
123886.6406
133654.7500
12884.9512
202864.7656
37258.4375
71529.8047
108114.8672
124454.2578
11804.2686
17241.8008
173208.7656
201654.8906
94831.4844
141491.0781
4170.7026
26848.1719
61127.1797
152884.3125
139732.3594
144755.8281
74203.3125
1522.7166
41284.0781
202850.9844
17719.8008
137037.7188
105846.2812
138319.0156
167279.9062
31984.2363
58242.3984
76418.1875
165638.9844
71127.3438
64534.5977
202897.4219
142657.1562
172649.4531
112603.3125
154461.4219
189891.2656
71063.7266
141367.9531
69974.3828
212554.7969
145538.6562
96822.5547
58933.6133
83674.6016
21806.5488
203689.4375
157877.9062
23329.2656
30225.1484
145980.5312
41049.0703
167262.8750
37078.4453
179368.0938
119794.4219
69062.6797
22862.1191
196212.6250
19953.3008
93989.4688
45998.8477
8102.3560
21898.2617
3899.9497
120705.6797
176359.6875
193791.2188
191769.3906
102979.2734
49017.2344
189575.8281
33769.5586
145839.7969
33761.0781
117444.1562
167646.3438
22702.1504
60573.7070
190975.6094
52927.3008
206554.2344
17276.3047
5441.8091
28884.3145
196644.3906
125236.2344
97946.9922
4758.1440
106700.4844
117900.3047
98747.6172
152699.3438
126002.6484
120645.8750
156599.2812
31959.9609
82257.1953
135642.1406
8980.9912
185236.4688
184659.3594
198556.8125
4257.6572
115750.7969
17569.5332
121701.8125
68648.7656
40271.6836
182275.5156
44876.0039
93198.9844
174081.3906
62152.3086
98640.7891
202965.7031
44048.3359
9128.6602
86164.3359
48806.4805
115829.1484
204064.6406
147554.0938
53780.1133
115318.9219
53451.6016
210379.4062
147278.8906
135708.7969
131273.1719
156259.8750
106196.8984
101184.1719
140068.3281
110454.5547
2186.6038
157637.8594
17408.0020
70835.3750
197909.5469
199683.5156
115711.3750
76360.1562
159016.5469
177863.6875
175000.9531
147233.8906
7163.6558
184129.6094
18649.8730
55970.1367
85210.3906
7966.1465
203524.2188
138990.5000
123285.0703
42227.4648
134621.5469
55815.5898
177936.2500
51146.3477
212075.4688
69384.7969
152330.5156
137395.4375
179839.3438
154517.1250
80284.9375
197247.3438
10604.1309
63446.1133
182182.5000
126315.5078
139806.2656
126450.7031
89430.8281
100058.8594
58936.2305
96594.4844
69440.1094
77586.1016
152564.6250
154650.5000
85552.2500
141340.4844
78892.6406
208837.3281
183567.9531
213514.1875
49904.5469
146755.8438
49912.1680
47231.6523
1392.2715
202242.6875
184627.0781
181231.6094
142011.4375
50163.6562
163730.5938
152615.5781
113609.7656
131164.7344
64182.7188
38667.6797
42867.0703
153613.5625
138726.5469
101803.2969
35459.6680
208166.6406
179389.4062
188024.2812
148068.7812
50193.2812
114616.4062
12213.0596
44282.2344
83435.9844
10978.8779
94186.7812
15443.4668
60891.0469
141418.4375
16835.7383
48385.3672
111297.1484
198067.3594
190396.8125
161460.7969
147049.5938
128264.0391
60322.2070
63465.9570
192446.7656
98989.8906
106333.0234
131311.9375
22968.0645
208136.3125
166771.6094
16386.3477
172777.3594
140047.5312
164455.1250
8222.2686
39915.5703
176668.1875
52504.5039
123351.5547
187647.0625
146691.2969
138795.0156
33789.7422
73361.3516
155630.7656
82175.1094
184658.5000
138949.7656
57823.5664
131370.9375
71250.9766
186087.5938
191693.1562
134716.9219
163785.9844
75934.6719
26301.5957
80349.5625
98902.7422
19689.5527
32372.8066
115289.0859
192466.9062
172420.3438
64995.8516
200689.1719
212335.9062
26915.6738
38445.3164
120939.0938
214562.7344
185136.6094
44985.7617
33604.1172
43749.5859
200616.5312
115779.2266
13659.7188
124817.9219
173602.7969
145030.6562
196068.8906
144942.0312
121975.4531
116037.4531
93979.6406
197910.1250
142339.0625
174329.2031
82064.5000
162028.6094
206702.0156
197353.5938
139747.1562
164373.9844
47601.0742
125687.9609
161961.5312
74516.7500
164133.2812
68152.2656
74331.1250
134521.5156
113138.0234
107935.2422
178271.0938
99006.1875
8966.1064
191930.8125
9075.7393
182568.8906
122213.1094
205144.6250
112762.5625
29440.1914
106433.7188
206742.2031
12601.9531
34024.4141
166323.0469
94666.4609
196053.0156
158276.7031
77271.6797
121051.8047
107902.3125
124872.7578
31991.4023
55115.4805
199389.5000
196124.6719
123267.7500
58972.2578
115897.8203
21657.4082
166907.5000
79420.5469
120663.6016
175873.5938
56603.0000
129739.3438
143694.1406
178816.1094
120135.6016
41708.3320
208256.3125
11820.9580
33702.1680
6109.8906
45845.3711
200025.2188
100776.3438
27150.0215
143553.5312
178048.0312
148201.8281
36707.4883
88172.4062
180193.2344
91822.9688
72813.5391
161569.5312
342.3488
131785.8125
62719.0000
21999.7559
83944.9375
142139.5469
142663.3594
45070.1719
198742.5469
57654.3281
188764.3125
162810.2969
177789.9219
15724.2803
156318.2344
189610.8750
49426.4492
162428.1250
20707.8887
34703.2969
48456.0977
47857.9141
178256.8281
11755.7559
196059.7344
215.9624
99928.1641
161504.6094
92038.9297
172741.7031
108325.7891
92381.2812
89779.1406
171044.7812
114381.0469
173724.0781
98435.9688
42296.0273
4045.8833
82430.1484
99950.3516
192810.2031
30492.0801
62991.9180
208534.4844
186810.2969
37854.4336
43212.5586
134490.0625
58562.3242
77915.8594
182946.1562
106420.2344
41424.3320
194701.9062
87731.6172
41640.2930
79881.7188
34487.8555
133679.2188
37875.0547
142813.6406
11312.1396
127654.1953
99110.0547
125693.1719
86629.9062
197546.0156
167989.2031
90675.7891
65227.8086
53191.1953
68737.6172
95719.8906
116183.1016
62523.7305
67781.8281
154037.5469
105736.2969
202271.8906
212599.8750
183652.1406
170469.7031
104271.7422
10328.1201
150423.2500
192003.3594
51968.4141
15556.5918
11742.8516
185647.6406
53431.6484
154556.5000
196959.7812
181085.8438
38918.1836
107904.5859
52967.3906
21715.8398
61145.4258
143643.1719
86943.6484
114336.6250
212380.7969
182663.5469
15771.3662
60156.1680
35697.0078
169808.9062
165892.4688
23220.5371
167660.4219
134796.2500
193690.2344
57183.7969
145124.3594
129365.1094
34438.7891
197092.7812
144921.7031
46181.6406
167992.0469
198353.3438
200738.1250
150203.4688
164690.8281
24907.9473
43359.6953
2909.8486
46623.7852
104505.1250
146553.0312
133567.4375
4093.3816
144185.4531
101482.6094
19864.7480
204341.6250
137179.6250
189673.6562
155485.7188
160400.1562
142585.7188
75533.6094
139342.0312
199769.5156
5909.6118
53958.7656
19459.9316
203002.3906
198880.4531
65641.5781
156246.0781
182485.4375
51631.3359
91701.1875
132427.9062
76539.2812
135060.8906
135337.7500
123163.0703
24817.6465
67142.4141
41982.1445
28911.0273
211327.8750
143464.7500
48775.7773
200921.1406
65896.0156
23701.0703
141658.5000
11547.8105
166286.7812
2443.7354
150889.8281
151307.9219
8353.3477
204848.6094
170767.8594
211355.7344
188980.7031
21661.0645
152853.4688
156717.7656
73292.4062
29806.2910
74397.3047
149831.6875
164867.1719
209735.0469
58246.3945
189684.8281
62129.1016
100228.5469
3847.4863
58708.6016
28944.9336
52623.2656
44881.3711
94840.9453
76324.3359
186539.8594
106388.7578
27862.7480
188983.6094
42530.2305
179170.6719
197336.9531
32630.4648
135190.1719
193944.3125
6862.7905
156851.2188
132049.4219
163580.5625
15395.2637
161855.7188
23229.4961
165226.9531
111974.5312
18216.1836
8724.9844
86910.9844
80345.2812
108953.5234
90758.4688
139053.8906
137898.4531
143381.7344
183935.2500
17991.0449
4957.7002
155726.7656
124379.8047
32820.4531
129962.0000
166910.0312
211991.1250
112550.5781
199540.5000
132432.9219
91746.5312
206403.2969
74535.7812
9047.5947
155235.4844
89931.0547
170903.3125
178464.9688
40409.6367
68129.4688
196681.1719
49134.6211
155040.4531
62278.0781
158088.1406
31050.5566
201331.9688
81238.2422
174432.2812
170518.8594
99229.2891
179389.9844
111497.2578
8860.7246
212210.4375
26710.8809
175770.7656
209453.2031
139261.4531
160562.8906
127137.7500
16259.6289
152217.8125
201673.5312
25307.2246
92704.9297
76856.2266
196210.5312
56421.5430
117265.8672
49591.6367
38354.3359
166400.4844
204632.0938
100632.4141
109740.2734
20934.2793
87216.0156
190978.5156
195366.5625
42986.5039
75459.4297
160008.1875
154483.7500
84320.1562
157470.2656
181194.6406
45342.5508
152175.0938
105707.7266
205905.4531
64564.4883
121967.3594
143374.8906
51489.6602
147274.5781
21331.4570
128345.8906
128736.7422
77753.0000
30863.3887
178328.3906
116107.3438
197263.8750
168212.1094
1991.3844
92255.7812
189146.3750
89207.3984
68485.9297
169764.5781
132193.8906
143945.3594
115024.4062
71929.2891
13517.1475
57746.3047
38375.5586
58859.6992
209921.3906
144083.2969
50016.7734
59737.5156
51302.2734
193391.6719
111227.1719
198576.8438
214723.1250
24824.6992
112565.2344
77727.7578
55688.0898
76145.2500
193835.0938
38203.6016
29608.9863
195826.4844
130459.3828
4007.0037
70285.5078
198945.3125
173771.5781
202479.4062
128142.2969
74047.6250
59660.3320
141659.4375
131793.9219
98035.8906
200519.1406
126966.9531
27370.8125
35787.5469
186704.4688
78673.0859
14430.8525
83183.2812
62501.5742
14405.6133
108007.9844
175066.7969
92133.3672
163696.0625
36463.6875
71220.1016
201899.6719
66072.6719
52298.2109
117610.6875
70079.6797
122583.7188
101807.6250
29102.8984
110314.7656
15201.5508
103150.5234
169975.1094
156860.9844
20196.0840
53262.6289
142631.7656
147163.0469
80633.4375
178419.3125
119119.1406
159306.5156
192850.1562
202302.4219
7059.7354
207255.7812
95562.0469
182126.5469
84640.7891
44509.7500
3841.8611
155860.8906
31661.0527
69914.5312
208159.0938
149271.7344
139994.2188
115994.4609
36330.9922
169097.1094
11560.8555
51532.5391
57499.2695
181535.9688
208393.5312
77695.3516
20050.2207
136276.9219
10110.0283
100683.6641
99947.8750
129229.1719
45241.8281
78049.6797
116783.2422
52301.5625
70557.0938
212345.2812
19679.7344
155197.8906
42106.6680
23521.5957
96310.3984
73767.7266
93436.1328
89721.1328
8291.0928
18681.9785
205715.5781
44622.0820
187779.0938
2528.0764
96154.6250
30529.9961
184064.0312
89799.7891
108225.3438
204114.2500
11328.3584
118335.3750
90049.5547
111276.2344
32816.1875
135291.3750
189325.9219
149599.4219
187592.9375
45134.6562
147196.3594
207272.6719
200332.5469
189303.0156
16045.9043
81894.5703
48322.3750
109482.0391
171615.7031
56613.4727
128164.0156
162582.9219
101235.5547
101194.7422
165111.0000
197390.1875
131724.7344
134426.6719
72441.6094
25201.7227
123792.5625
83769.9609
143537.0938
213842.1094
195046.2031
176353.2969
134385.1250
169623.7500
111204.3516
107229.7031
10.0520
43652.3398
99754.0078
200342.5938
18206.9922
115799.9141
67488.7969
66529.3672
10533.5840
24356.1406
123142.8359
138697.5938
186939.0781
9630.0264
25143.9785
137301.7031
207020.2031
156868.7031
56980.0117
64713.4414
182070.4375
180772.5625
148483.4062
110859.1719
179866.3281
128781.2344
72464.1016
99503.0859
83656.6406
183668.4531
206732.7812
83666.6875
12572.4336
91738.4297
69260.9141
30779.4277
207538.3438
136749.7031
97308.7969
3323.5613
161105.8594
5703.2686
142021.1562
133296.5625
15333.2939
167165.1250
55849.9023
7605.1328
109285.4922
112829.9141
72318.5703
76607.5547
78854.1250
6053.6147
187466.7344
43972.0820
134834.8594
45182.4727
143475.1562
3743.1292
14102.5684
135459.5781
87409.8203
26675.0020
12449.6523
156670.7344
57454.4258
5239.6304
78672.0859
154763.2188
8563.1924
25029.5703
160466.5000
150584.3594
158326.1250
175799.7812
103001.1250
214176.0312
183404.9219
212286.6250
112257.5781
40975.1289
74145.8125
191111.7031
47028.7461
46864.1836
20335.4180
181863.6094
92046.6562
163810.5781
185606.7344
106149.2188
84521.8047
58268.1875
132824.2344
96971.4609
190.5524
190278.6562
102211.0938
78862.6406
130293.5156
110774.2812
103892.2031
76011.6406
46610.2695
47469.9727
37063.0625
149611.3906
46897.6367
5719.6162
147149.6406
159155.2188
46694.7461
6547.0884
135518.5469
93723.4844
53411.2695
155853.9688
60838.7266
145457.9219
104916.1875
31697.0918
36858.7891
189437.9844
89965.2734
169683.0156
71661.0859
90155.8281
145213.2969
173872.1719
169018.4531
60758.4531
69898.1016
58162.3047
136770.0938
116508.3672
105632.2734
173833.1562
51371.3984
152529.9062
179552.7656
198521.0312
96936.7578
11499.1494
205068.1406
17706.9395
105222.6406
43731.0352
173560.9062
166061.3594
189188.9688
63728.7227
197758.4531
11299.3828
38418.3516
72975.3594
180982.4062
110079.4375
163131.1875
111447.3359
69203.2578
117401.2812
172205.7812
139101.3438
175563.5781
94227.5156
40861.3555
66447.5000
53312.3008
92232.7578
4229.0435
18116.7051
76005.4375
101165.7969
29615.8555
66325.1953
118872.7422
134838.4844
110056.2266
77685.2812
86151.4922
84496.8281
141414.0000
69161.5781
95796.2109
179832.3594
142136.9531
62030.2383
75163.4297
90519.7734
173477.5781
144366.6875
207921.0469
130935.0000
68719.6719
168736.2812
10414.1436
109581.0312
20435.4141
63726.4453
201813.7812
24664.4570
81843.1484
63070.8477
125830.2578
111459.0078
129396.0469
29954.6328
31549.1328
24703.9121
107639.9141
117700.6172
109200.7422
34305.5508
186862.2031
204996.9531
214137.9062
114250.7891
52278.8320
74552.9766
204770.5625
11008.0430
4171.2954
197943.2500
141943.0469
72890.9688
151931.1562
152357.1875
182472.0000
172366.5781
1335.2633
169537.4062
197031.0469
83178.4141
17859.8984
108112.9375
194637.4219
147255.9375
138067.5781
11438.1875
171959.8594
30959.1133
129138.8125
66412.2266
65264.6641
101252.6562
56660.8203
64654.2070
755.0840
108939.6484
139207.1875
205525.6406
119947.6875
143378.4844
188720.5312
47142.3672
1521.0812
125903.3359
199499.5469
183993.0781
83521.5469
200834.8125
138782.1250
65804.2266
69264.8672
156642.0156
173917.1562
49153.9141
89149.6016
97236.3594
60592.1016
46361.0898
128195.4688
189730.9219
112773.3281
193460.1406
76235.2031
169434.1406
43365.9805
76990.2891
63625.4219
182573.1562
67767.5703
183573.1250
111203.2734
41739.7422
15967.1152
112724.3516
167643.0781
718.3006
81969.0703
36416.2578
201553.1094
6002.8335
102220.4844
56069.6133
162644.8594
61389.2734
105223.5234
37046.0977
158625.6406
165815.6250
83407.1875
72072.7344
140798.1875
196180.5000
50784.5117
2285.0229
150866.2812
94150.4922
79275.3125
214491.7031
61975.2891
147042.8906
183316.4375
173178.5781
188782.6250
199283.5625
71154.5625
141677.3438
200001.8750
153123.6406
178093.5938
186806.6250
159126.4688
65565.7188
28127.8594
107022.9531
126954.9922
133351.3906
144069.0625
70832.2656
84418.6406
12727.8740
142905.0000
10468.4590
208908.3750
193689.5156
12753.4824
145026.2969
73091.6328
92028.7969
144769.6250
135066.9375
24323.3242
113337.7031
93497.1328
213105.9531
97872.9062
164651.7031
140034.9375
83126.3984
103026.9609
103380.1562
55184.6445
47405.0625
168945.8750
83312.5078
154428.0156
81152.5078
1915.5220
83748.7109
151984.7656
